lengths,returns
23,0.0
23,0.0
23,0.0
21,0.0
21,0.0
23,0.0
147,1.4701390342198237
23,0.0
23,0.0
23,0.0
23,0.0
23,0.0
23,0.0
23,0.0
23,0.0
23,0.0
69,0.6894490858690777
23,0.0
23,0.0
23,0.0
51,0.7471720943315961
23,0.0
23,0.0
21,0.0
52,0.7397003733882802
23,0.0
69,0.6894490858690777
23,0.0
23,0.0
23,0.0
23,0.0
102,1.1120197401958531
23,0.0
23,0.0
23,0.0
23,0.0
21,0.0
21,0.0
69,0.6894490858690777
21,0.0
119,1.097063271215051
23,0.0
21,0.0
21,0.0
23,0.0
23,0.0
21,0.0
51,0.7471720943315961
23,0.0
100,1.150671053287173
51,0.7471720943315961
23,0.0
23,0.0
23,0.0
23,0.0
117,1.1013191724489382
72,0.6757290490602831
23,0.0
21,0.0
100,1.252057983118666
23,0.0
23,0.0
23,0.0
23,0.0
96,1.1787877370052764
119,1.097063271215051
72,0.6757290490602831
50,0.7547192872036325
75,0.6689717585696803
23,0.0
23,0.0
23,0.0
23,0.0
21,0.0
23,0.0
23,0.0
51,0.7471720943315961
50,0.7547192872036325
21,0.0
23,0.0
23,0.0
23,0.0
96,1.1787877370052764
23,0.0
23,0.0
23,0.0
71,0.6757290490602831
23,0.0
21,0.0
21,0.0
23,0.0
23,0.0
23,0.0
171,1.7702427122759887
23,0.0
23,0.0
116,1.1193380993929711
23,0.0
49,0.7547192872036325
72,0.6689717585696803
23,0.0
23,0.0
21,0.0
23,0.0
21,0.0
23,0.0
23,0.0
23,0.0
23,0.0
23,0.0
53,0.7323033696543974
71,0.6757290490602831
21,0.0
23,0.0
23,0.0
23,0.0
23,0.0
21,0.0
23,0.0
23,0.0
23,0.0
98,1.1553298610388714
21,0.0
71,0.682554595010387
21,0.0
23,0.0
51,0.7471720943315961
23,0.0
23,0.0
23,0.0
53,0.7323033696543974
21,0.0
21,0.0
51,0.7471720943315961
23,0.0
23,0.0
23,0.0
23,0.0
96,1.1787877370052764
23,0.0
69,0.6894490858690777
21,0.0
23,0.0
23,0.0
21,0.0
23,0.0
23,0.0
96,1.1787877370052764
21,0.0
23,0.0
98,1.1553298610388714
154,1.3553332846055859
53,0.7397003733882802
21,0.0
23,0.0
23,0.0
23,0.0
23,0.0
69,0.6894490858690777
72,0.682554595010387
23,0.0
69,0.6894490858690777
23,0.0
23,0.0
23,0.0
23,0.0
23,0.0
23,0.0
21,0.0
23,0.0
70,0.682554595010387
72,0.6689717585696803
51,0.7471720943315961
23,0.0
49,0.7547192872036325
23,0.0
23,0.0
23,0.0
23,0.0
23,0.0
23,0.0
21,0.0
23,0.0
23,0.0
72,0.6689717585696803
23,0.0
23,0.0
21,0.0
21,0.0
21,0.0
23,0.0
23,0.0
23,0.0
23,0.0
23,0.0
23,0.0
23,0.0
23,0.0
23,0.0
23,0.0
23,0.0
51,0.7471720943315961
23,0.0
23,0.0
23,0.0
23,0.0
23,0.0
23,0.0
21,0.0
23,0.0
23,0.0
23,0.0
23,0.0
23,0.0
23,0.0
23,0.0
23,0.0
23,0.0
21,0.0
23,0.0
23,0.0
23,0.0
21,0.0
23,0.0
21,0.0
51,0.7471720943315961
70,0.682554595010387
23,0.0
21,0.0
21,0.0
51,0.7471720943315961
23,0.0
21,0.0
23,0.0
23,0.0
23,0.0
51,0.7471720943315961
52,0.7397003733882802
23,0.0
51,0.7471720943315961
23,0.0
21,0.0
21,0.0
148,1.3926440035643097
71,0.682554595010387
82,1.294328736722357
23,0.0
82,1.294328736722357
23,0.0
23,0.0
23,0.0
23,0.0
23,0.0
23,0.0
21,0.0
23,0.0
21,0.0
21,0.0
23,0.0
23,0.0
23,0.0
23,0.0
21,0.0
23,0.0
21,0.0
23,0.0
21,0.0
23,0.0
21,0.0
23,0.0
23,0.0
23,0.0
23,0.0
21,0.0
23,0.0
23,0.0
23,0.0
23,0.0
23,0.0
23,0.0
23,0.0
21,0.0
23,0.0
23,0.0
23,0.0
23,0.0
21,0.0
21,0.0
69,0.6894490858690777
21,0.0
23,0.0
23,0.0
23,0.0
23,0.0
23,0.0
23,0.0
23,0.0
23,0.0
69,0.6894490858690777
70,0.682554595010387
23,0.0
69,0.6894490858690777
23,0.0
23,0.0
23,0.0
51,0.7471720943315961
23,0.0
21,0.0
23,0.0
23,0.0
23,0.0
21,0.0
23,0.0
23,0.0
23,0.0
23,0.0
23,0.0
23,0.0
23,0.0
23,0.0
23,0.0
23,0.0
23,0.0
23,0.0
23,0.0
122,1.0777919329922294
23,0.0
23,0.0
21,0.0
23,0.0
120,1.1107833080238458
23,0.0
72,0.6757290490602831
124,1.0913747694329363
75,0.6689717585696803
72,0.6689717585696803
51,0.7471720943315961
23,0.0
23,0.0
23,0.0
23,0.0
23,0.0
23,0.0
21,0.0
23,0.0
23,0.0
51,0.7471720943315961
23,0.0
23,0.0
23,0.0
23,0.0
23,0.0
23,0.0
69,0.6894490858690777
72,0.682554595010387
23,0.0
23,0.0
23,0.0
23,0.0
23,0.0
23,0.0
23,0.0
23,0.0
23,0.0
21,0.0
23,0.0
51,0.7471720943315961
23,0.0
23,0.0
96,1.1787877370052764
53,0.7323033696543974
70,0.682554595010387
23,0.0
23,0.0
23,0.0
23,0.0
23,0.0
23,0.0
23,0.0
23,0.0
23,0.0
23,0.0
23,0.0
23,0.0
84,1.2888571702984495
69,0.6894490858690777
21,0.0
23,0.0
69,0.6894490858690777
72,0.6757290490602831
23,0.0
69,0.6894490858690777
23,0.0
23,0.0
51,0.7471720943315961
23,0.0
69,0.6894490858690777
21,0.0
72,0.682554595010387
71,0.682554595010387
23,0.0
23,0.0
23,0.0
21,0.0
23,0.0
23,0.0
23,0.0
23,0.0
23,0.0
96,1.1787877370052764
23,0.0
21,0.0
23,0.0
23,0.0
23,0.0
23,0.0
21,0.0
70,0.682554595010387
23,0.0
23,0.0
23,0.0
23,0.0
21,0.0
23,0.0
23,0.0
69,0.6894490858690777
23,0.0
23,0.0
23,0.0
23,0.0
23,0.0
23,0.0
23,0.0
23,0.0
21,0.0
23,0.0
21,0.0
21,0.0
23,0.0
23,0.0
53,0.7323033696543974
23,0.0
23,0.0
53,0.7323033696543974
23,0.0
23,0.0
23,0.0
23,0.0
23,0.0
21,0.0
23,0.0
23,0.0
23,0.0
23,0.0
21,0.0
23,0.0
23,0.0
23,0.0
23,0.0
23,0.0
23,0.0
23,0.0
23,0.0
21,0.0
23,0.0
23,0.0
23,0.0
49,0.7547192872036325
23,0.0
23,0.0
23,0.0
70,0.682554595010387
71,0.682554595010387
23,0.0
23,0.0
23,0.0
21,0.0
23,0.0
21,0.0
23,0.0
23,0.0
51,0.7471720943315961
23,0.0
23,0.0
21,0.0
23,0.0
23,0.0
23,0.0
70,0.682554595010387
21,0.0
23,0.0
23,0.0
21,0.0
145,1.4929543346200709
23,0.0
23,0.0
21,0.0
23,0.0
21,0.0
23,0.0
23,0.0
21,0.0
23,0.0
23,0.0
96,1.1787877370052764
23,0.0
21,0.0
23,0.0
23,0.0
21,0.0
23,0.0
23,0.0
67,0.7034476949995692
23,0.0
23,0.0
23,0.0
23,0.0
23,0.0
21,0.0
23,0.0
69,0.6894490858690777
116,1.130644544841385
71,0.682554595010387
72,0.6757290490602831
50,0.7547192872036325
23,0.0
23,0.0
23,0.0
69,0.6894490858690777
72,0.682554595010387
23,0.0
21,0.0
72,0.6689717585696803
23,0.0
23,0.0
23,0.0
23,0.0
21,0.0
23,0.0
23,0.0
23,0.0
23,0.0
51,0.7471720943315961
21,0.0
23,0.0
51,0.7471720943315961
23,0.0
23,0.0
23,0.0
23,0.0
23,0.0
23,0.0
23,0.0
69,0.6894490858690777
51,0.7471720943315961
23,0.0
23,0.0
23,0.0
98,1.1553298610388714
23,0.0
23,0.0
98,1.1553298610388714
71,0.682554595010387
23,0.0
23,0.0
23,0.0
51,0.7471720943315961
23,0.0
23,0.0
23,0.0
23,0.0
23,0.0
23,0.0
21,0.0
21,0.0
121,1.1065699658022983
21,0.0
23,0.0
23,0.0
72,0.6757290490602831
71,0.6757290490602831
101,1.2545563171028318
51,0.7471720943315961
23,0.0
21,0.0
23,0.0
23,0.0
98,1.1553298610388714
23,0.0
71,0.682554595010387
23,0.0
23,0.0
23,0.0
23,0.0
23,0.0
69,0.6894490858690777
72,0.682554595010387
71,0.682554595010387
23,0.0
21,0.0
23,0.0
23,0.0
72,0.6689717585696803
23,0.0
21,0.0
23,0.0
51,0.7471720943315961
53,0.7397003733882802
118,1.0903059807244488
23,0.0
51,0.7471720943315961
23,0.0
23,0.0
23,0.0
23,0.0
23,0.0
67,0.7034476949995692
23,0.0
23,0.0
23,0.0
71,0.6757290490602831
72,0.682554595010387
23,0.0
23,0.0
23,0.0
69,0.6894490858690777
23,0.0
21,0.0
72,0.682554595010387
23,0.0
23,0.0
23,0.0
71,0.6757290490602831
23,0.0
21,0.0
23,0.0
23,0.0
21,0.0
23,0.0
98,1.1553298610388714
23,0.0
23,0.0
23,0.0
23,0.0
23,0.0
23,0.0
23,0.0
23,0.0
23,0.0
23,0.0
23,0.0
67,0.7034476949995692
23,0.0
70,0.6894490858690777
23,0.0
23,0.0
116,1.1193380993929711
23,0.0
23,0.0
23,0.0
23,0.0
21,0.0
23,0.0
23,0.0
23,0.0
23,0.0
51,0.7471720943315961
21,0.0
23,0.0
23,0.0
51,0.7471720943315961
21,0.0
69,0.6894490858690777
23,0.0
21,0.0
23,0.0
98,1.1553298610388714
21,0.0
21,0.0
100,1.1391643427543012
23,0.0
21,0.0
23,0.0
49,0.7547192872036325
69,0.6894490858690777
53,0.7323033696543974
23,0.0
23,0.0
23,0.0
23,0.0
23,0.0
21,0.0
68,0.6964132180495735
23,0.0
51,0.7471720943315961
23,0.0
21,0.0
21,0.0
51,0.7471720943315961
52,0.7397003733882802
23,0.0
21,0.0
23,0.0
23,0.0
23,0.0
23,0.0
21,0.0
69,0.6894490858690777
21,0.0
23,0.0
23,0.0
23,0.0
23,0.0
21,0.0
23,0.0
23,0.0
23,0.0
23,0.0
23,0.0
21,0.0
118,1.1150392092577324
23,0.0
23,0.0
21,0.0
23,0.0
23,0.0
23,0.0
23,0.0
21,0.0
23,0.0
98,1.1553298610388714
71,0.682554595010387
23,0.0
23,0.0
72,0.6757290490602831
51,0.7471720943315961
72,0.6689717585696803
21,0.0
23,0.0
21,0.0
23,0.0
23,0.0
23,0.0
23,0.0
49,0.7547192872036325
23,0.0
49,0.7547192872036325
51,0.7471720943315961
50,0.7471720943315961
23,0.0
23,0.0
69,0.6894490858690777
23,0.0
23,0.0
23,0.0
23,0.0
23,0.0
69,0.6894490858690777
23,0.0
21,0.0
69,0.6894490858690777
72,0.682554595010387
23,0.0
21,0.0
71,0.682554595010387
23,0.0
23,0.0
51,0.7471720943315961
23,0.0
23,0.0
69,0.6894490858690777
23,0.0
72,0.682554595010387
71,0.682554595010387
21,0.0
72,0.6689717585696803
68,0.6964132180495735
23,0.0
68,0.6964132180495735
23,0.0
23,0.0
23,0.0
23,0.0
120,1.0928499289935034
119,1.0996754749436073
69,0.6894490858690777
21,0.0
72,0.682554595010387
21,0.0
21,0.0
23,0.0
23,0.0
98,1.1553298610388714
71,0.682554595010387
23,0.0
69,0.6894490858690777
74,0.6689717585696803
23,0.0
21,0.0
23,0.0
23,0.0
23,0.0
23,0.0
23,0.0
23,0.0
23,0.0
23,0.0
23,0.0
21,0.0
167,1.375124670635458
23,0.0
23,0.0
23,0.0
23,0.0
21,0.0
69,0.6894490858690777
21,0.0
72,0.682554595010387
21,0.0
71,0.682554595010387
23,0.0
23,0.0
23,0.0
147,1.3708004117760964
69,0.6894490858690777
69,0.6894490858690777
50,0.7547192872036325
72,0.682554595010387
23,0.0
23,0.0
23,0.0
23,0.0
23,0.0
23,0.0
23,0.0
23,0.0
21,0.0
23,0.0
23,0.0
84,1.2888571702984495
23,0.0
81,1.3074027643660173
23,0.0
23,0.0
52,0.7397003733882802
100,1.252057983118666
21,0.0
23,0.0
23,0.0
21,0.0
71,0.6757290490602831
23,0.0
190,1.5329204573679083
74,0.6757290490602831
75,0.6689717585696803
23,0.0
21,0.0
23,0.0
23,0.0
23,0.0
23,0.0
170,1.331758486162021
23,0.0
23,0.0
23,0.0
69,0.6894490858690777
72,0.682554595010387
67,0.7034476949995692
75,0.6622820409839835
71,0.682554595010387
23,0.0
23,0.0
23,0.0
23,0.0
23,0.0
23,0.0
23,0.0
23,0.0
23,0.0
193,1.7693433720506406
23,0.0
21,0.0
23,0.0
51,0.7471720943315961
23,0.0
23,0.0
170,1.7942431893055957
23,0.0
21,0.0
51,0.7471720943315961
98,1.1553298610388714
21,0.0
71,0.682554595010387
123,1.0777919329922294
67,0.7034476949995692
23,0.0
23,0.0
23,0.0
69,0.6894490858690777
23,0.0
23,0.0
23,0.0
23,0.0
23,0.0
98,1.2698564046274354
23,0.0
67,0.7034476949995692
51,0.7471720943315961
70,0.682554595010387
87,1.265296860913842
23,0.0
23,0.0
23,0.0
21,0.0
150,1.5575170090469708
98,1.1553298610388714
23,0.0
21,0.0
21,0.0
21,0.0
69,0.6894490858690777
21,0.0
23,0.0
23,0.0
51,0.7471720943315961
69,0.6894490858690777
72,0.682554595010387
71,0.682554595010387
101,1.1277726993267583
75,0.6689717585696803
70,0.682554595010387
21,0.0
50,0.7547192872036325
23,0.0
52,0.7397003733882802
23,0.0
51,0.7471720943315961
23,0.0
23,0.0
23,0.0
51,0.7471720943315961
23,0.0
23,0.0
23,0.0
23,0.0
23,0.0
120,1.1065699658022983
23,0.0
23,0.0
23,0.0
23,0.0
21,0.0
50,0.7471720943315961
23,0.0
23,0.0
23,0.0
23,0.0
49,0.7547192872036325
71,0.6757290490602831
23,0.0
98,1.1553298610388714
71,0.682554595010387
23,0.0
122,1.0886787201941712
21,0.0
53,0.7323033696543974
96,1.1717532600552802
23,0.0
23,0.0
23,0.0
23,0.0
23,0.0
23,0.0
23,0.0
21,0.0
53,0.7323033696543974
23,0.0
51,0.7471720943315961
51,0.7471720943315961
23,0.0
23,0.0
23,0.0
119,1.097063271215051
21,0.0
51,0.7471720943315961
23,0.0
23,0.0
23,0.0
21,0.0
23,0.0
23,0.0
23,0.0
23,0.0
49,0.7547192872036325
23,0.0
23,0.0
23,0.0
23,0.0
23,0.0
23,0.0
170,1.341039383283517
21,0.0
23,0.0
21,0.0
51,0.7471720943315961
23,0.0
23,0.0
23,0.0
23,0.0
21,0.0
23,0.0
71,0.6757290490602831
71,0.682554595010387
23,0.0
23,0.0
98,1.1553298610388714
71,0.682554595010387
72,0.6757290490602831
23,0.0
21,0.0
23,0.0
21,0.0
69,0.6894490858690777
69,0.6894490858690777
72,0.6757290490602831
23,0.0
21,0.0
23,0.0
51,0.7471720943315961
21,0.0
72,0.6689717585696803
67,0.7034476949995692
23,0.0
23,0.0
49,0.7547192872036325
100,1.252057983118666
68,0.6964132180495735
69,0.6894490858690777
23,0.0
23,0.0
23,0.0
51,0.7471720943315961
23,0.0
21,0.0
23,0.0
121,1.1065699658022983
72,0.6757290490602831
21,0.0
71,0.682554595010387
75,0.6689717585696803
69,0.6894490858690777
23,0.0
23,0.0
21,0.0
23,0.0
23,0.0
23,0.0
21,0.0
23,0.0
23,0.0
23,0.0
51,0.7471720943315961
21,0.0
53,0.7397003733882802
100,1.150671053287173
23,0.0
23,0.0
23,0.0
23,0.0
51,0.7471720943315961
23,0.0
23,0.0
23,0.0
67,0.7034476949995692
23,0.0
23,0.0
23,0.0
23,0.0
72,0.6689717585696803
23,0.0
23,0.0
21,0.0
23,0.0
23,0.0
23,0.0
23,0.0
21,0.0
21,0.0
21,0.0
71,0.6757290490602831
23,0.0
23,0.0
23,0.0
51,0.7471720943315961
23,0.0
119,1.1107833080238458
72,0.6757290490602831
23,0.0
170,1.3495125314020602
75,0.6689717585696803
23,0.0
23,0.0
21,0.0
51,0.7471720943315961
21,0.0
51,0.7471720943315961
69,0.6894490858690777
21,0.0
72,0.682554595010387
23,0.0
23,0.0
23,0.0
23,0.0
96,1.1787877370052764
21,0.0
150,1.5637190645678083
69,0.6894490858690777
21,0.0
153,1.3621290289449304
21,0.0
69,0.6894490858690777
72,0.682554595010387
188,1.5364757653022665
21,0.0
21,0.0
23,0.0
114,1.1350307198594847
23,0.0
71,0.6757290490602831
23,0.0
23,0.0
23,0.0
23,0.0
119,1.0996754749436073
23,0.0
23,0.0
23,0.0
23,0.0
23,0.0
23,0.0
23,0.0
23,0.0
23,0.0
23,0.0
23,0.0
23,0.0
23,0.0
23,0.0
21,0.0
98,1.1553298610388714
23,0.0
23,0.0
23,0.0
69,0.6894490858690777
21,0.0
23,0.0
23,0.0
23,0.0
23,0.0
21,0.0
51,0.7471720943315961
23,0.0
71,0.6757290490602831
49,0.7547192872036325
23,0.0
23,0.0
23,0.0
23,0.0
145,1.4999888115700681
23,0.0
23,0.0
98,1.1553298610388714
152,1.3689934171664915
72,0.6757290490602831
21,0.0
23,0.0
23,0.0
23,0.0
23,0.0
23,0.0
23,0.0
21,0.0
23,0.0
23,0.0
70,0.682554595010387
150,1.5575170090469708
23,0.0
23,0.0
23,0.0
23,0.0
69,0.6894490858690777
121,1.0711022154065328
52,0.7397003733882802
23,0.0
23,0.0
71,0.6757290490602831
71,0.682554595010387
73,0.6689717585696803
23,0.0
51,0.7471720943315961
23,0.0
23,0.0
23,0.0
100,1.252057983118666
51,0.7471720943315961
23,0.0
119,1.097063271215051
21,0.0
72,0.6757290490602831
21,0.0
23,0.0
23,0.0
23,0.0
71,0.6757290490602831
21,0.0
23,0.0
23,0.0
23,0.0
23,0.0
23,0.0
23,0.0
23,0.0
23,0.0
23,0.0
23,0.0
23,0.0
51,0.7471720943315961
23,0.0
96,1.1787877370052764
53,0.7323033696543974
117,1.1193380993929711
23,0.0
23,0.0
21,0.0
23,0.0
23,0.0
23,0.0
23,0.0
23,0.0
49,0.7547192872036325
23,0.0
23,0.0
51,0.7471720943315961
102,1.234539032988487
23,0.0
23,0.0
23,0.0
23,0.0
51,0.7471720943315961
23,0.0
23,0.0
49,0.7547192872036325
23,0.0
21,0.0
23,0.0
23,0.0
23,0.0
23,0.0
23,0.0
23,0.0
23,0.0
23,0.0
23,0.0
69,0.6894490858690777
23,0.0
23,0.0
23,0.0
21,0.0
23,0.0
84,1.2888571702984495
23,0.0
21,0.0
23,0.0
21,0.0
23,0.0
98,1.1553298610388714
71,0.682554595010387
23,0.0
23,0.0
23,0.0
23,0.0
84,1.2888571702984495
51,0.7471720943315961
23,0.0
23,0.0
23,0.0
51,0.7471720943315961
100,1.150671053287173
152,1.3689934171664915
72,0.6757290490602831
23,0.0
23,0.0
23,0.0
70,0.682554595010387
71,0.6757290490602831
100,1.252057983118666
100,1.150671053287173
72,0.682554595010387
71,0.682554595010387
72,0.6757290490602831
23,0.0
23,0.0
23,0.0
23,0.0
153,1.3417504481648783
23,0.0
23,0.0
21,0.0
23,0.0
23,0.0
23,0.0
23,0.0
53,0.7323033696543974
23,0.0
23,0.0
23,0.0
23,0.0
23,0.0
23,0.0
21,0.0
23,0.0
67,0.7034476949995692
23,0.0
23,0.0
23,0.0
23,0.0
118,1.1081447183990414
23,0.0
23,0.0
51,0.7471720943315961
51,0.7471720943315961
119,1.0860926385029004
86,1.2706059163433931
69,0.6894490858690777
23,0.0
23,0.0
23,0.0
21,0.0
23,0.0
69,0.6894490858690777
23,0.0
23,0.0
96,1.1787877370052764
23,0.0
23,0.0
23,0.0
21,0.0
23,0.0
71,0.6757290490602831
118,1.103888817165155
23,0.0
122,1.0886787201941712
51,0.7471720943315961
23,0.0
49,0.7547192872036325
23,0.0
21,0.0
21,0.0
23,0.0
21,0.0
23,0.0
69,0.6894490858690777
23,0.0
23,0.0
51,0.7471720943315961
23,0.0
23,0.0
23,0.0
23,0.0
51,0.7471720943315961
51,0.7471720943315961
52,0.7397003733882802
23,0.0
21,0.0
23,0.0
71,0.6757290490602831
23,0.0
71,0.682554595010387
21,0.0
23,0.0
51,0.7471720943315961
21,0.0
23,0.0
23,0.0
23,0.0
23,0.0
23,0.0
23,0.0
23,0.0
171,1.331758486162021
23,0.0
98,1.1553298610388714
21,0.0
23,0.0
23,0.0
23,0.0
23,0.0
23,0.0
23,0.0
23,0.0
72,0.6689717585696803
129,1.5932240446327086
23,0.0
23,0.0
23,0.0
23,0.0
23,0.0
23,0.0
23,0.0
51,0.7471720943315961
102,1.2420107539318035
118,1.1150392092577324
23,0.0
23,0.0
21,0.0
23,0.0
23,0.0
23,0.0
49,0.7547192872036325
23,0.0
23,0.0
21,0.0
72,0.6689717585696803
69,0.6894490858690777
74,0.6622820409839835
23,0.0
23,0.0
21,0.0
51,0.7471720943315961
23,0.0
23,0.0
21,0.0
21,0.0
23,0.0
23,0.0
23,0.0
23,0.0
100,1.252057983118666
70,0.682554595010387
23,0.0
23,0.0
23,0.0
23,0.0
23,0.0
23,0.0
23,0.0
21,0.0
23,0.0
23,0.0
21,0.0
51,0.7471720943315961
69,0.6894490858690777
120,1.0996754749436073
72,0.6757290490602831
23,0.0
51,0.7471720943315961
23,0.0
23,0.0
21,0.0
21,0.0
51,0.7471720943315961
23,0.0
86,1.2706059163433931
21,0.0
21,0.0
51,0.7471720943315961
23,0.0
23,0.0
23,0.0
23,0.0
23,0.0
98,1.1553298610388714
23,0.0
23,0.0
71,0.682554595010387
23,0.0
51,0.7471720943315961
23,0.0
23,0.0
49,0.7547192872036325
23,0.0
23,0.0
23,0.0
49,0.7547192872036325
23,0.0
23,0.0
23,0.0
100,1.1323387968041978
53,0.7397003733882802
23,0.0
23,0.0
21,0.0
70,0.682554595010387
23,0.0
51,0.7471720943315961
71,0.6757290490602831
23,0.0
23,0.0
21,0.0
96,1.1717532600552802
171,1.6361455477341964
23,0.0
73,0.6622820409839835
23,0.0
21,0.0
23,0.0
23,0.0
21,0.0
21,0.0
23,0.0
98,1.1553298610388714
69,0.6894490858690777
23,0.0
72,0.6757290490602831
74,0.6757290490602831
69,0.6894490858690777
23,0.0
72,0.682554595010387
80,1.3074027643660173
23,0.0
23,0.0
21,0.0
98,1.1553298610388714
23,0.0
21,0.0
23,0.0
23,0.0
23,0.0
23,0.0
21,0.0
23,0.0
23,0.0
23,0.0
23,0.0
21,0.0
23,0.0
23,0.0
146,1.4209203178903271
23,0.0
23,0.0
23,0.0
23,0.0
23,0.0
21,0.0
23,0.0
51,0.7471720943315961
21,0.0
23,0.0
23,0.0
21,0.0
23,0.0
69,0.6894490858690777
21,0.0
23,0.0
21,0.0
23,0.0
23,0.0
72,0.6689717585696803
21,0.0
23,0.0
169,1.3613734239291035
120,1.0996754749436073
73,0.6689717585696803
51,0.7471720943315961
23,0.0
51,0.7471720943315961
23,0.0
53,0.7397003733882802
23,0.0
23,0.0
23,0.0
23,0.0
23,0.0
21,0.0
23,0.0
23,0.0
23,0.0
72,0.6689717585696803
23,0.0
69,0.6894490858690777
23,0.0
69,0.6894490858690777
23,0.0
71,0.6757290490602831
23,0.0
23,0.0
147,1.4701390342198237
21,0.0
53,0.7397003733882802
23,0.0
23,0.0
98,1.1553298610388714
23,0.0
71,0.682554595010387
23,0.0
69,0.6894490858690777
120,1.0996754749436073
23,0.0
23,0.0
23,0.0
23,0.0
51,0.7471720943315961
23,0.0
23,0.0
23,0.0
51,0.7471720943315961
23,0.0
69,0.6894490858690777
72,0.682554595010387
70,0.682554595010387
102,1.2420107539318035
23,0.0
23,0.0
21,0.0
21,0.0
23,0.0
51,0.7471720943315961
23,0.0
23,0.0
23,0.0
23,0.0
68,0.6964132180495735
118,1.1107833080238458
51,0.7471720943315961
23,0.0
23,0.0
21,0.0
21,0.0
21,0.0
51,0.7471720943315961
23,0.0
23,0.0
23,0.0
23,0.0
23,0.0
51,0.7471720943315961
23,0.0
23,0.0
23,0.0
23,0.0
71,0.6757290490602831
51,0.7471720943315961
23,0.0
23,0.0
21,0.0
23,0.0
49,0.7547192872036325
23,0.0
23,0.0
23,0.0
23,0.0
21,0.0
119,1.097063271215051
23,0.0
23,0.0
23,0.0
21,0.0
23,0.0
23,0.0
23,0.0
51,0.7471720943315961
23,0.0
23,0.0
67,0.7034476949995692
23,0.0
23,0.0
23,0.0
67,0.7034476949995692
23,0.0
23,0.0
117,1.1193380993929711
74,0.6622820409839835
73,0.6689717585696803
23,0.0
23,0.0
23,0.0
23,0.0
23,0.0
23,0.0
23,0.0
23,0.0
23,0.0
23,0.0
23,0.0
71,0.6757290490602831
70,0.682554595010387
23,0.0
51,0.7471720943315961
23,0.0
52,0.7397003733882802
121,1.1065699658022983
21,0.0
21,0.0
21,0.0
72,0.6757290490602831
101,1.121015408836156
21,0.0
21,0.0
71,0.6757290490602831
49,0.7547192872036325
23,0.0
69,0.6894490858690777
23,0.0
23,0.0
23,0.0
23,0.0
23,0.0
23,0.0
23,0.0
84,1.2888571702984495
53,0.7323033696543974
23,0.0
23,0.0
100,1.259605175990702
23,0.0
23,0.0
21,0.0
23,0.0
117,1.1376790217913808
23,0.0
23,0.0
172,1.6309942463452152
51,0.7471720943315961
23,0.0
23,0.0
124,1.069656411521221
70,0.682554595010387
23,0.0
72,0.6757290490602831
23,0.0
71,0.6757290490602831
124,1.087286567688711
118,1.1220033414382282
72,0.6757290490602831
23,0.0
72,0.6689717585696803
21,0.0
23,0.0
23,0.0
21,0.0
119,1.1107833080238458
23,0.0
72,0.6757290490602831
23,0.0
51,0.7471720943315961
72,0.6689717585696803
23,0.0
23,0.0
23,0.0
51,0.7471720943315961
100,1.252057983118666
53,0.7397003733882802
154,1.5185802300578108
23,0.0
23,0.0
51,0.7471720943315961
23,0.0
23,0.0
23,0.0
23,0.0
72,0.6689717585696803
23,0.0
23,0.0
23,0.0
23,0.0
51,0.7471720943315961
166,1.375124670635458
103,1.1187770306864557
21,0.0
23,0.0
23,0.0
70,0.682554595010387
23,0.0
23,0.0
23,0.0
23,0.0
21,0.0
23,0.0
21,0.0
23,0.0
23,0.0
21,0.0
21,0.0
23,0.0
21,0.0
118,1.097063271215051
21,0.0
72,0.6757290490602831
51,0.7471720943315961
23,0.0
23,0.0
23,0.0
23,0.0
23,0.0
23,0.0
23,0.0
23,0.0
21,0.0
21,0.0
23,0.0
98,1.1553298610388714
71,0.682554595010387
21,0.0
72,0.6757290490602831
74,0.6757290490602831
23,0.0
115,1.12368041266089
23,0.0
23,0.0
51,0.7471720943315961
23,0.0
23,0.0
21,0.0
50,0.7547192872036325
21,0.0
72,0.6689717585696803
72,0.6689717585696803
51,0.7471720943315961
23,0.0
23,0.0
23,0.0
52,0.7397003733882802
23,0.0
23,0.0
21,0.0
23,0.0
23,0.0
21,0.0
103,1.1120197401958531
51,0.7471720943315961
69,0.6894490858690777
21,0.0
23,0.0
121,1.0777919329922294
21,0.0
23,0.0
51,0.7471720943315961
21,0.0
23,0.0
69,0.6894490858690777
23,0.0
21,0.0
51,0.7471720943315961
23,0.0
23,0.0
51,0.7471720943315961
23,0.0
23,0.0
23,0.0
69,0.6894490858690777
23,0.0
23,0.0
23,0.0
23,0.0
23,0.0
23,0.0
21,0.0
152,1.5364427586481324
21,0.0
23,0.0
51,0.7471720943315961
69,0.6894490858690777
120,1.0819214297035684
23,0.0
72,0.6757290490602831
23,0.0
21,0.0
23,0.0
23,0.0
23,0.0
23,0.0
69,0.6894490858690777
23,0.0
23,0.0
51,0.7471720943315961
23,0.0
84,1.2888571702984495
23,0.0
23,0.0
51,0.7471720943315961
23,0.0
68,0.6964132180495735
51,0.7471720943315961
23,0.0
53,0.7397003733882802
23,0.0
102,1.2420107539318035
21,0.0
69,0.6894490858690777
70,0.682554595010387
70,0.682554595010387
23,0.0
23,0.0
23,0.0
23,0.0
23,0.0
23,0.0
23,0.0
23,0.0
69,0.6894490858690777
51,0.7471720943315961
23,0.0
23,0.0
23,0.0
23,0.0
23,0.0
23,0.0
23,0.0
114,1.14206519680948
23,0.0
23,0.0
23,0.0
51,0.7471720943315961
23,0.0
53,0.7397003733882802
51,0.7471720943315961
23,0.0
100,1.150671053287173
21,0.0
23,0.0
23,0.0
23,0.0
70,0.682554595010387
21,0.0
72,0.682554595010387
23,0.0
72,0.6689717585696803
23,0.0
23,0.0
23,0.0
23,0.0
122,1.0737037312480042
23,0.0
123,1.069656411521221
23,0.0
23,0.0
21,0.0
23,0.0
23,0.0
23,0.0
23,0.0
23,0.0
23,0.0
21,0.0
52,0.7397003733882802
23,0.0
23,0.0
23,0.0
21,0.0
23,0.0
23,0.0
137,1.9903869344567138
68,0.6964132180495735
23,0.0
52,0.7397003733882802
191,1.8633661320625576
23,0.0
23,0.0
21,0.0
21,0.0
23,0.0
23,0.0
23,0.0
69,0.6894490858690777
21,0.0
23,0.0
23,0.0
23,0.0
23,0.0
69,0.6894490858690777
23,0.0
23,0.0
67,0.7034476949995692
23,0.0
100,1.1323387968041978
119,1.1065699658022983
23,0.0
23,0.0
51,0.7471720943315961
50,0.7547192872036325
69,0.6894490858690777
23,0.0
21,0.0
23,0.0
21,0.0
23,0.0
21,0.0
83,1.3018759295943934
102,1.2420107539318035
21,0.0
86,1.2578998571799591
162,1.3900923589049654
21,0.0
72,0.6689717585696803
23,0.0
23,0.0
119,1.1150392092577324
23,0.0
21,0.0
51,0.7471720943315961
23,0.0
69,0.6894490858690777
51,0.7471720943315961
21,0.0
23,0.0
23,0.0
21,0.0
21,0.0
69,0.6894490858690777
98,1.1553298610388714
23,0.0
23,0.0
82,1.3018759295943934
23,0.0
148,1.5712662574398444
23,0.0
21,0.0
51,0.7471720943315961
68,0.6964132180495735
23,0.0
23,0.0
80,1.3074027643660173
23,0.0
23,0.0
23,0.0
23,0.0
21,0.0
23,0.0
23,0.0
23,0.0
69,0.6894490858690777
23,0.0
118,1.103888817165155
23,0.0
23,0.0
23,0.0
23,0.0
21,0.0
51,0.7471720943315961
69,0.6894490858690777
23,0.0
49,0.7547192872036325
23,0.0
23,0.0
51,0.7471720943315961
23,0.0
69,0.6894490858690777
23,0.0
21,0.0
72,0.682554595010387
23,0.0
119,1.1150392092577324
100,1.259605175990702
68,0.6964132180495735
23,0.0
23,0.0
96,1.1787877370052764
51,0.7471720943315961
23,0.0
23,0.0
23,0.0
172,1.5839133851109881
23,0.0
23,0.0
52,0.7397003733882802
23,0.0
23,0.0
23,0.0
23,0.0
21,0.0
23,0.0
51,0.7471720943315961
101,1.1414927361355531
73,0.6689717585696803
21,0.0
23,0.0
23,0.0
21,0.0
132,1.660361077995586
23,0.0
23,0.0
51,0.7471720943315961
23,0.0
23,0.0
23,0.0
23,0.0
23,0.0
131,1.4599583632035067
51,0.7471720943315961
98,1.1622939932193666
23,0.0
23,0.0
23,0.0
69,0.6894490858690777
100,1.1391643427543012
23,0.0
71,0.6757290490602831
120,1.0955042661442753
119,1.0928499289935034
102,1.2420107539318035
69,0.6894490858690777
21,0.0
23,0.0
100,1.1391643427543012
72,0.6757290490602831
23,0.0
21,0.0
23,0.0
51,0.7471720943315961
23,0.0
23,0.0
23,0.0
51,0.7471720943315961
21,0.0
117,1.1013191724489382
23,0.0
23,0.0
23,0.0
72,0.6689717585696803
23,0.0
23,0.0
23,0.0
23,0.0
23,0.0
21,0.0
23,0.0
68,0.6964132180495735
23,0.0
23,0.0
23,0.0
23,0.0
68,0.6964132180495735
23,0.0
23,0.0
23,0.0
23,0.0
23,0.0
21,0.0
23,0.0
23,0.0
23,0.0
21,0.0
23,0.0
49,0.7547192872036325
23,0.0
23,0.0
145,1.4999888115700681
23,0.0
23,0.0
21,0.0
23,0.0
23,0.0
21,0.0
23,0.0
23,0.0
72,0.6689717585696803
70,0.682554595010387
23,0.0
23,0.0
23,0.0
70,0.682554595010387
72,0.6757290490602831
23,0.0
23,0.0
23,0.0
71,0.6757290490602831
121,1.0777919329922294
50,0.7547192872036325
72,0.6757290490602831
23,0.0
100,1.1255815063135945
81,1.3074027643660173
117,1.1220033414382282
21,0.0
23,0.0
23,0.0
21,0.0
187,1.540902811591249
51,0.7471720943315961
23,0.0
23,0.0
23,0.0
23,0.0
23,0.0
51,0.7471720943315961
23,0.0
23,0.0
21,0.0
23,0.0
23,0.0
23,0.0
23,0.0
21,0.0
50,0.7547192872036325
69,0.6894490858690777
51,0.7471720943315961
23,0.0
23,0.0
23,0.0
23,0.0
23,0.0
23,0.0
21,0.0
23,0.0
51,0.7471720943315961
23,0.0
172,1.5734228496281408
74,0.6622820409839835
23,0.0
84,1.2888571702984495
23,0.0
23,0.0
119,1.1107833080238458
119,1.0996754749436073
69,0.6894490858690777
23,0.0
23,0.0
21,0.0
23,0.0
23,0.0
23,0.0
23,0.0
23,0.0
23,0.0
23,0.0
23,0.0
23,0.0
51,0.7471720943315961
23,0.0
23,0.0
51,0.7471720943315961
71,0.6757290490602831
23,0.0
23,0.0
73,0.6689717585696803
69,0.6894490858690777
69,0.6894490858690777
72,0.6689717585696803
23,0.0
49,0.7547192872036325
23,0.0
23,0.0
21,0.0
53,0.7323033696543974
70,0.682554595010387
23,0.0
23,0.0
49,0.7547192872036325
23,0.0
69,0.6894490858690777
23,0.0
51,0.7471720943315961
23,0.0
85,1.2632089126095103
23,0.0
23,0.0
23,0.0
21,0.0
70,0.682554595010387
122,1.0777919329922294
23,0.0
23,0.0
21,0.0
23,0.0
23,0.0
51,0.7471720943315961
23,0.0
23,0.0
21,0.0
100,1.150671053287173
23,0.0
23,0.0
136,1.6095090637379812
101,1.247009124230795
23,0.0
23,0.0
21,0.0
21,0.0
72,0.6689717585696803
23,0.0
23,0.0
86,1.278077637286709
21,0.0
53,0.7397003733882802
53,0.7397003733882802
23,0.0
51,0.7471720943315961
23,0.0
49,0.7547192872036325
101,1.2395374032874793
129,1.4964959225529133
74,0.6622820409839835
23,0.0
23,0.0
23,0.0
69,0.6894490858690777
51,0.7471720943315961
23,0.0
23,0.0
23,0.0
23,0.0
21,0.0
53,0.7323033696543974
23,0.0
71,0.6757290490602831
23,0.0
23,0.0
21,0.0
51,0.7471720943315961
21,0.0
23,0.0
23,0.0
23,0.0
23,0.0
23,0.0
23,0.0
23,0.0
23,0.0
23,0.0
51,0.7471720943315961
69,0.6894490858690777
100,1.1391643427543012
21,0.0
72,0.6757290490602831
23,0.0
69,0.6894490858690777
102,1.1164949723334907
21,0.0
71,0.682554595010387
21,0.0
23,0.0
21,0.0
99,1.1437765624284826
101,1.1277726993267583
23,0.0
23,0.0
70,0.682554595010387
23,0.0
21,0.0
23,0.0
23,0.0
23,0.0
130,1.5847635251296974
21,0.0
23,0.0
51,0.7471720943315961
23,0.0
49,0.7547192872036325
23,0.0
71,0.6757290490602831
53,0.7323033696543974
23,0.0
23,0.0
116,1.1193380993929711
53,0.7397003733882802
23,0.0
72,0.6689717585696803
122,1.0670140136623072
68,0.6964132180495735
72,0.6689717585696803
23,0.0
23,0.0
23,0.0
23,0.0
21,0.0
23,0.0
23,0.0
51,0.7471720943315961
21,0.0
51,0.7471720943315961
23,0.0
23,0.0
171,1.3301525960815757
23,0.0
23,0.0
23,0.0
23,0.0
23,0.0
23,0.0
23,0.0
23,0.0
21,0.0
96,1.1717532600552802
71,0.6757290490602831
23,0.0
23,0.0
23,0.0
23,0.0
21,0.0
23,0.0
86,1.278077637286709
52,0.7397003733882802
69,0.6894490858690777
72,0.6689717585696803
23,0.0
51,0.7471720943315961
21,0.0
53,0.7397003733882802
23,0.0
23,0.0
23,0.0
23,0.0
53,0.7323033696543974
23,0.0
21,0.0
23,0.0
23,0.0
23,0.0
23,0.0
23,0.0
23,0.0
23,0.0
21,0.0
23,0.0
71,0.6757290490602831
69,0.6894490858690777
72,0.682554595010387
23,0.0
23,0.0
71,0.682554595010387
51,0.7471720943315961
21,0.0
71,0.6757290490602831
23,0.0
21,0.0
23,0.0
23,0.0
23,0.0
51,0.7471720943315961
69,0.6894490858690777
23,0.0
23,0.0
21,0.0
23,0.0
51,0.7471720943315961
23,0.0
23,0.0
51,0.7471720943315961
23,0.0
23,0.0
23,0.0
84,1.2888571702984495
23,0.0
118,1.1081447183990414
72,0.6757290490602831
23,0.0
23,0.0
100,1.252057983118666
69,0.6894490858690777
73,0.6689717585696803
23,0.0
98,1.1553298610388714
23,0.0
23,0.0
23,0.0
147,1.4701390342198237
51,0.7471720943315961
72,0.682554595010387
21,0.0
51,0.7547192872036325
23,0.0
23,0.0
23,0.0
23,0.0
23,0.0
23,0.0
71,0.6757290490602831
51,0.7471720943315961
23,0.0
23,0.0
51,0.7471720943315961
51,0.7471720943315961
23,0.0
69,0.6894490858690777
21,0.0
23,0.0
67,0.7034476949995692
23,0.0
21,0.0
23,0.0
23,0.0
122,1.0886787201941712
23,0.0
69,0.6894490858690777
23,0.0
23,0.0
23,0.0
23,0.0
21,0.0
23,0.0
120,1.1107833080238458
101,1.1277726993267583
23,0.0
21,0.0
23,0.0
166,1.6915908214586846
74,0.6622820409839835
72,0.6757290490602831
122,1.102398757002966
23,0.0
23,0.0
72,0.6689717585696803
82,1.294328736722357
23,0.0
23,0.0
23,0.0
21,0.0
23,0.0
51,0.7471720943315961
69,0.6894490858690777
23,0.0
23,0.0
23,0.0
23,0.0
21,0.0
100,1.252057983118666
21,0.0
23,0.0
21,0.0
23,0.0
98,1.1484353701801802
23,0.0
21,0.0
23,0.0
70,0.6894490858690777
23,0.0
23,0.0
23,0.0
169,1.3589306288916447
122,1.0886787201941712
23,0.0
23,0.0
52,0.7323033696543974
53,0.7397003733882802
21,0.0
23,0.0
67,0.7034476949995692
23,0.0
71,0.6757290490602831
21,0.0
72,0.6689717585696803
23,0.0
23,0.0
23,0.0
103,1.105330022610156
23,0.0
23,0.0
72,0.6689717585696803
23,0.0
67,0.7034476949995692
23,0.0
23,0.0
23,0.0
23,0.0
69,0.6894490858690777
23,0.0
23,0.0
23,0.0
23,0.0
49,0.7547192872036325
69,0.6894490858690777
23,0.0
21,0.0
51,0.7471720943315961
53,0.7397003733882802
51,0.7471720943315961
23,0.0
21,0.0
23,0.0
23,0.0
23,0.0
69,0.6894490858690777
21,0.0
23,0.0
23,0.0
23,0.0
49,0.7547192872036325
23,0.0
98,1.1553298610388714
23,0.0
23,0.0
21,0.0
23,0.0
70,0.682554595010387
21,0.0
23,0.0
101,1.247009124230795
154,1.9035898512482932
53,0.7397003733882802
23,0.0
192,1.9530138914321167
21,0.0
53,0.7397003733882802
23,0.0
23,0.0
51,0.7471720943315961
71,0.6757290490602831
69,0.6894490858690777
148,1.374546354729334
23,0.0
119,1.097063271215051
119,1.0928499289935034
51,0.7471720943315961
21,0.0
23,0.0
23,0.0
147,1.4701390342198237
71,0.682554595010387
21,0.0
72,0.6757290490602831
168,1.6893763035862959
52,0.7397003733882802
23,0.0
71,0.682554595010387
23,0.0
69,0.6894490858690777
21,0.0
23,0.0
23,0.0
23,0.0
169,1.3656930687201558
21,0.0
23,0.0
23,0.0
72,0.6757290490602831
23,0.0
51,0.7471720943315961
52,0.7397003733882802
173,1.3292601155974366
21,0.0
23,0.0
23,0.0
51,0.7471720943315961
23,0.0
23,0.0
23,0.0
23,0.0
51,0.7471720943315961
23,0.0
21,0.0
23,0.0
21,0.0
71,0.6757290490602831
72,0.682554595010387
23,0.0
72,0.6689717585696803
23,0.0
21,0.0
23,0.0
23,0.0
51,0.7471720943315961
23,0.0
49,0.7547192872036325
23,0.0
69,0.6894490858690777
23,0.0
51,0.7471720943315961
23,0.0
98,1.1553298610388714
21,0.0
23,0.0
21,0.0
23,0.0
23,0.0
23,0.0
23,0.0
21,0.0
23,0.0
98,1.2698564046274354
23,0.0
23,0.0
23,0.0
23,0.0
23,0.0
23,0.0
23,0.0
147,1.4701390342198237
153,1.5544624187876874
23,0.0
23,0.0
23,0.0
71,0.6757290490602831
151,1.351281084014446
23,0.0
23,0.0
23,0.0
100,1.1460588336129927
23,0.0
23,0.0
23,0.0
84,1.2888571702984495
69,0.6894490858690777
23,0.0
23,0.0
23,0.0
23,0.0
119,1.1065699658022983
72,0.682554595010387
21,0.0
125,1.0656495649917055
23,0.0
98,1.1553298610388714
23,0.0
21,0.0
71,0.682554595010387
129,1.5932240446327086
72,0.6689717585696803
23,0.0
70,0.682554595010387
21,0.0
23,0.0
21,0.0
21,0.0
72,0.6689717585696803
69,0.6894490858690777
23,0.0
51,0.7471720943315961
23,0.0
51,0.7471720943315961
21,0.0
23,0.0
69,0.6894490858690777
83,1.2964043631704858
23,0.0
51,0.7471720943315961
86,1.2578998571799591
23,0.0
23,0.0
23,0.0
49,0.7547192872036325
23,0.0
49,0.7547192872036325
71,0.6757290490602831
23,0.0
72,0.6689717585696803
51,0.7471720943315961
68,0.6964132180495735
23,0.0
53,0.7397003733882802
23,0.0
23,0.0
72,0.6689717585696803
75,0.6622820409839835
118,1.1220033414382282
23,0.0
23,0.0
49,0.7547192872036325
69,0.6894490858690777
21,0.0
23,0.0
98,1.1553298610388714
23,0.0
74,0.6622820409839835
72,0.6757290490602831
23,0.0
131,1.4599583632035067
51,0.7471720943315961
50,0.7547192872036325
50,0.7547192872036325
21,0.0
116,1.1193380993929711
99,1.1437765624284826
51,0.7471720943315961
53,0.7397003733882802
121,1.0845492234828324
69,0.6894490858690777
23,0.0
70,0.682554595010387
72,0.682554595010387
23,0.0
23,0.0
21,0.0
150,1.5637190645678083
23,0.0
123,1.0845492234828324
98,1.1553298610388714
21,0.0
21,0.0
21,0.0
53,0.7397003733882802
23,0.0
192,1.8764761230123412
71,0.6757290490602831
23,0.0
72,0.682554595010387
23,0.0
23,0.0
51,0.7471720943315961
23,0.0
53,0.7397003733882802
23,0.0
100,1.252057983118666
21,0.0
23,0.0
23,0.0
23,0.0
23,0.0
23,0.0
23,0.0
49,0.7547192872036325
121,1.0819214297035684
23,0.0
23,0.0
23,0.0
23,0.0
121,1.0819214297035684
23,0.0
23,0.0
21,0.0
23,0.0
82,1.294328736722357
51,0.7471720943315961
23,0.0
23,0.0
53,0.7397003733882802
23,0.0
51,0.7471720943315961
51,0.7471720943315961
69,0.6894490858690777
21,0.0
69,0.6894490858690777
74,0.6622820409839835
23,0.0
51,0.7471720943315961
69,0.6894490858690777
102,1.2420107539318035
71,0.6757290490602831
23,0.0
23,0.0
23,0.0
51,0.7471720943315961
23,0.0
23,0.0
21,0.0
23,0.0
23,0.0
69,0.6894490858690777
23,0.0
98,1.2698564046274354
23,0.0
70,0.682554595010387
68,0.6964132180495735
51,0.7471720943315961
21,0.0
23,0.0
69,0.6894490858690777
23,0.0
69,0.6894490858690777
23,0.0
21,0.0
23,0.0
21,0.0
23,0.0
21,0.0
69,0.6894490858690777
23,0.0
23,0.0
71,0.6757290490602831
68,0.6964132180495735
23,0.0
71,0.6757290490602831
23,0.0
23,0.0
71,0.682554595010387
103,1.1187770306864557
71,0.6757290490602831
21,0.0
23,0.0
21,0.0
71,0.682554595010387
23,0.0
23,0.0
23,0.0
21,0.0
21,0.0
23,0.0
23,0.0
23,0.0
21,0.0
23,0.0
23,0.0
23,0.0
23,0.0
69,0.6894490858690777
120,1.0955042661442753
23,0.0
23,0.0
21,0.0
21,0.0
23,0.0
23,0.0
49,0.7547192872036325
51,0.7471720943315961
68,0.6964132180495735
21,0.0
23,0.0
51,0.7471720943315961
71,0.6757290490602831
23,0.0
23,0.0
51,0.7471720943315961
82,1.294328736722357
21,0.0
23,0.0
52,0.7397003733882802
23,0.0
51,0.7471720943315961
71,0.6757290490602831
21,0.0
74,0.6689717585696803
23,0.0
23,0.0
23,0.0
21,0.0
186,1.5519957225275418
23,0.0
23,0.0
23,0.0
21,0.0
23,0.0
23,0.0
23,0.0
23,0.0
98,1.1553298610388714
71,0.682554595010387
23,0.0
21,0.0
21,0.0
23,0.0
171,1.6551357456357016
23,0.0
121,1.0886787201941712
23,0.0
72,0.682554595010387
131,1.4667156536941102
69,0.6894490858690777
23,0.0
72,0.682554595010387
71,0.682554595010387
72,0.6757290490602831
131,1.493084261937773
23,0.0
74,0.6622820409839835
21,0.0
51,0.7471720943315961
51,0.7471720943315961
21,0.0
53,0.7397003733882802
23,0.0
23,0.0
23,0.0
21,0.0
21,0.0
150,1.5637190645678083
69,0.6894490858690777
23,0.0
71,0.6757290490602831
71,0.682554595010387
23,0.0
23,0.0
53,0.7323033696543974
23,0.0
147,1.5668671562996175
23,0.0
23,0.0
23,0.0
23,0.0
23,0.0
21,0.0
23,0.0
23,0.0
21,0.0
23,0.0
123,1.080461021738607
21,0.0
23,0.0
23,0.0
99,1.1369510164783783
51,0.7471720943315961
99,1.264705033453198
23,0.0
69,0.6894490858690777
51,0.7471720943315961
72,0.682554595010387
23,0.0
23,0.0
23,0.0
135,1.6440179850035228
23,0.0
23,0.0
72,0.6689717585696803
21,0.0
23,0.0
82,1.294328736722357
150,1.5575170090469708
69,0.6894490858690777
21,0.0
72,0.6689717585696803
50,0.7471720943315961
23,0.0
23,0.0
23,0.0
51,0.7471720943315961
51,0.7471720943315961
23,0.0
23,0.0
69,0.6894490858690777
21,0.0
23,0.0
23,0.0
23,0.0
23,0.0
23,0.0
23,0.0
23,0.0
23,0.0
52,0.7397003733882802
23,0.0
23,0.0
23,0.0
23,0.0
67,0.7034476949995692
51,0.7471720943315961
21,0.0
69,0.6894490858690777
23,0.0
71,0.6757290490602831
130,1.5772918041863815
74,0.6622820409839835
21,0.0
147,1.4701390342198237
119,1.0996754749436073
21,0.0
75,0.6689717585696803
21,0.0
98,1.1484353701801802
68,0.6964132180495735
23,0.0
51,0.7471720943315961
21,0.0
100,1.252057983118666
21,0.0
23,0.0
23,0.0
21,0.0
23,0.0
23,0.0
23,0.0
21,0.0
21,0.0
23,0.0
21,0.0
23,0.0
49,0.7547192872036325
82,1.294328736722357
23,0.0
51,0.7471720943315961
21,0.0
23,0.0
23,0.0
23,0.0
21,0.0
50,0.7547192872036325
23,0.0
23,0.0
69,0.6894490858690777
51,0.7471720943315961
52,0.7397003733882802
23,0.0
23,0.0
23,0.0
98,1.1484353701801802
23,0.0
116,1.1193380993929711
74,0.6689717585696803
69,0.6894490858690777
23,0.0
49,0.7547192872036325
23,0.0
21,0.0
23,0.0
23,0.0
23,0.0
23,0.0
23,0.0
71,0.6757290490602831
21,0.0
84,1.2888571702984495
23,0.0
71,0.682554595010387
23,0.0
23,0.0
49,0.7547192872036325
23,0.0
23,0.0
189,1.5364531556504073
70,0.6894490858690777
125,1.0764137020118238
23,0.0
23,0.0
120,1.1107833080238458
21,0.0
23,0.0
172,1.3452105920828497
23,0.0
23,0.0
71,0.6757290490602831
71,0.682554595010387
72,0.6757290490602831
23,0.0
23,0.0
71,0.6757290490602831
21,0.0
169,1.7757151023527458
23,0.0
23,0.0
21,0.0
51,0.7471720943315961
23,0.0
53,0.7397003733882802
23,0.0
101,1.2395374032874793
83,1.3018759295943934
68,0.6964132180495735
21,0.0
23,0.0
21,0.0
119,1.1177474402043417
148,1.3971513818074768
21,0.0
23,0.0
23,0.0
115,1.6815681986562545
21,0.0
23,0.0
72,0.6689717585696803
23,0.0
21,0.0
181,1.8840649250739163
72,0.6757290490602831
23,0.0
21,0.0
23,0.0
51,0.7471720943315961
69,0.6894490858690777
23,0.0
23,0.0
23,0.0
69,0.6894490858690777
99,1.264705033453198
23,0.0
70,0.682554595010387
51,0.7471720943315961
69,0.6894490858690777
23,0.0
23,0.0
23,0.0
23,0.0
23,0.0
23,0.0
150,1.5637190645678083
134,1.6347168962773573
23,0.0
23,0.0
23,0.0
98,1.1553298610388714
23,0.0
74,0.6689717585696803
71,0.682554595010387
23,0.0
100,1.1323387968041978
23,0.0
23,0.0
23,0.0
69,0.6894490858690777
23,0.0
23,0.0
21,0.0
68,0.6964132180495735
98,1.1553298610388714
23,0.0
236,1.8005431547529072
23,0.0
21,0.0
23,0.0
23,0.0
52,0.7323033696543974
69,0.6894490858690777
71,0.682554595010387
23,0.0
23,0.0
21,0.0
84,1.283440319538781
71,0.6757290490602831
116,1.6593898344176201
71,0.6757290490602831
23,0.0
21,0.0
23,0.0
117,1.133336708523463
23,0.0
23,0.0
53,0.7323033696543974
23,0.0
23,0.0
71,0.6757290490602831
71,0.682554595010387
21,0.0
72,0.6757290490602831
21,0.0
116,1.1193380993929711
51,0.7471720943315961
23,0.0
96,1.1787877370052764
23,0.0
23,0.0
23,0.0
23,0.0
23,0.0
23,0.0
23,0.0
21,0.0
23,0.0
23,0.0
23,0.0
23,0.0
23,0.0
23,0.0
98,1.2698564046274354
23,0.0
23,0.0
23,0.0
23,0.0
119,1.1065699658022983
23,0.0
116,1.1193380993929711
21,0.0
23,0.0
23,0.0
82,1.2888571702984495
23,0.0
23,0.0
49,0.7547192872036325
23,0.0
134,1.6347168962773573
69,0.6894490858690777
72,0.682554595010387
71,0.682554595010387
23,0.0
122,1.0886787201941712
84,1.2888571702984495
119,1.0860926385029004
49,0.7547192872036325
105,1.2246917436624432
79,1.2422891159039628
23,0.0
23,0.0
132,1.5763876108217165
23,0.0
53,0.7397003733882802
23,0.0
69,0.6894490858690777
72,0.682554595010387
71,0.682554595010387
23,0.0
23,0.0
23,0.0
21,0.0
69,0.6894490858690777
150,1.3676264371321443
23,0.0
23,0.0
51,0.7471720943315961
98,1.1553298610388714
71,0.682554595010387
23,0.0
193,1.9669193646722438
21,0.0
51,0.7471720943315961
53,0.7397003733882802
84,1.2888571702984495
23,0.0
23,0.0
51,0.7471720943315961
23,0.0
23,0.0
23,0.0
98,1.1553298610388714
23,0.0
71,0.682554595010387
69,0.6894490858690777
23,0.0
69,0.6894490858690777
51,0.7471720943315961
23,0.0
149,1.4477088133889524
23,0.0
193,1.7544970160628657
23,0.0
23,0.0
23,0.0
51,0.7471720943315961
23,0.0
52,0.7397003733882802
23,0.0
23,0.0
103,1.2370623673358012
23,0.0
23,0.0
23,0.0
51,0.7471720943315961
51,0.7471720943315961
21,0.0
23,0.0
70,0.682554595010387
23,0.0
21,0.0
70,0.682554595010387
98,1.1553298610388714
118,1.1150392092577324
23,0.0
23,0.0
21,0.0
23,0.0
51,0.7471720943315961
23,0.0
23,0.0
23,0.0
21,0.0
23,0.0
23,0.0
23,0.0
51,0.7471720943315961
85,1.275968598595465
51,0.7471720943315961
23,0.0
21,0.0
23,0.0
71,0.6757290490602831
23,0.0
72,0.6689717585696803
23,0.0
23,0.0
98,1.2698564046274354
23,0.0
23,0.0
23,0.0
71,0.6757290490602831
71,0.682554595010387
72,0.6757290490602831
71,0.6757290490602831
84,1.2888571702984495
152,1.3731646259658237
21,0.0
21,0.0
23,0.0
131,1.4897067179287837
23,0.0
70,0.682554595010387
23,0.0
23,0.0
23,0.0
98,1.1553298610388714
121,1.0777919329922294
23,0.0
23,0.0
51,0.7471720943315961
71,0.6757290490602831
23,0.0
23,0.0
23,0.0
80,1.3074027643660173
23,0.0
69,0.6894490858690777
50,0.7547192872036325
23,0.0
71,0.6757290490602831
21,0.0
21,0.0
71,0.682554595010387
23,0.0
23,0.0
137,1.9943937809862278
69,0.6894490858690777
23,0.0
121,1.102398757002966
99,1.264705033453198
192,1.5217624615935614
176,1.3096488911053559
21,0.0
51,0.7471720943315961
23,0.0
21,0.0
51,0.7471720943315961
116,1.1193380993929711
23,0.0
51,0.7471720943315961
72,0.6689717585696803
23,0.0
21,0.0
82,1.294328736722357
23,0.0
23,0.0
23,0.0
23,0.0
23,0.0
116,1.1193380993929711
72,0.682554595010387
21,0.0
68,0.6964132180495735
23,0.0
134,1.6421886172206726
96,1.1787877370052764
53,0.7397003733882802
52,0.7397003733882802
53,0.7323033696543974
100,1.252057983118666
99,1.1369510164783783
23,0.0
23,0.0
100,1.252057983118666
23,0.0
23,0.0
23,0.0
51,0.7471720943315961
51,0.7471720943315961
53,0.7397003733882802
132,1.4817041416081875
23,0.0
23,0.0
23,0.0
51,0.7471720943315961
23,0.0
100,1.150671053287173
71,0.682554595010387
23,0.0
50,0.7547192872036325
23,0.0
71,0.6757290490602831
21,0.0
102,1.2420107539318035
23,0.0
53,0.7397003733882802
68,0.6964132180495735
52,0.7397003733882802
23,0.0
51,0.7471720943315961
50,0.7547192872036325
81,1.3074027643660173
120,1.0928499289935034
23,0.0
23,0.0
169,1.3384533015922466
23,0.0
100,1.252057983118666
51,0.7471720943315961
23,0.0
71,0.6757290490602831
74,0.6622820409839835
23,0.0
23,0.0
23,0.0
23,0.0
23,0.0
21,0.0
23,0.0
23,0.0
146,1.4069217087598354
100,1.1323387968041978
23,0.0
118,1.1150392092577324
23,0.0
23,0.0
23,0.0
23,0.0
23,0.0
23,0.0
100,1.259605175990702
69,0.6894490858690777
23,0.0
23,0.0
23,0.0
51,0.7471720943315961
21,0.0
52,0.7397003733882802
23,0.0
23,0.0
21,0.0
70,0.682554595010387
151,1.8507086513966566
23,0.0
49,0.7547192872036325
23,0.0
23,0.0
49,0.7547192872036325
51,0.7471720943315961
21,0.0
101,1.2395374032874793
135,1.4567843266676228
23,0.0
23,0.0
86,1.2578998571799591
69,0.6894490858690777
118,1.0903059807244488
23,0.0
150,1.5637190645678083
23,0.0
71,0.6757290490602831
23,0.0
52,0.7397003733882802
23,0.0
23,0.0
49,0.7547192872036325
71,0.6757290490602831
23,0.0
23,0.0
71,0.6757290490602831
23,0.0
52,0.7397003733882802
23,0.0
23,0.0
70,0.682554595010387
23,0.0
166,1.6915908214586846
23,0.0
23,0.0
23,0.0
23,0.0
23,0.0
68,0.6964132180495735
23,0.0
23,0.0
180,2.0706093874037745
71,0.6757290490602831
23,0.0
23,0.0
23,0.0
100,1.1255815063135945
123,1.0629666939355242
121,1.0711022154065328
23,0.0
23,0.0
100,1.1255815063135945
21,0.0
102,1.2420107539318035
23,0.0
21,0.0
70,0.682554595010387
23,0.0
82,1.294328736722357
23,0.0
23,0.0
167,1.343577245266849
72,0.6757290490602831
21,0.0
23,0.0
51,0.7471720943315961
104,1.209971706232016
21,0.0
21,0.0
51,0.7471720943315961
23,0.0
50,0.7547192872036325
23,0.0
116,1.130644544841385
23,0.0
49,0.7547192872036325
51,0.7471720943315961
148,1.3926440035643097
71,0.682554595010387
23,0.0
134,1.621957210291403
71,0.6757290490602831
23,0.0
21,0.0
23,0.0
21,0.0
68,0.6964132180495735
23,0.0
84,1.275968598595465
99,1.1369510164783783
23,0.0
23,0.0
51,0.7471720943315961
21,0.0
23,0.0
70,0.682554595010387
51,0.7471720943315961
82,1.294328736722357
23,0.0
194,1.7741918633740184
21,0.0
120,1.0886787201941712
51,0.7471720943315961
21,0.0
23,0.0
23,0.0
23,0.0
23,0.0
101,1.121015408836156
23,0.0
21,0.0
148,1.3884306613427615
23,0.0
49,0.7547192872036325
51,0.7471720943315961
50,0.7547192872036325
23,0.0
23,0.0
21,0.0
169,1.3545852356399162
21,0.0
23,0.0
23,0.0
21,0.0
101,1.247009124230795
23,0.0
21,0.0
23,0.0
23,0.0
23,0.0
23,0.0
69,0.6894490858690777
21,0.0
23,0.0
51,0.7471720943315961
23,0.0
96,1.1787877370052764
23,0.0
23,0.0
70,0.682554595010387
23,0.0
71,0.682554595010387
21,0.0
123,1.0777919329922294
189,1.5167497006903854
23,0.0
73,0.6622820409839835
21,0.0
23,0.0
152,1.549413559899817
23,0.0
72,0.6689717585696803
85,1.283440319538781
52,0.7397003733882802
23,0.0
67,0.7034476949995692
23,0.0
69,0.6894490858690777
23,0.0
148,1.3926440035643097
23,0.0
23,0.0
23,0.0
23,0.0
131,1.581385981120708
23,0.0
84,1.275968598595465
51,0.7547192872036325
21,0.0
23,0.0
100,1.252057983118666
71,0.6757290490602831
50,0.7547192872036325
67,0.7034476949995692
168,1.368230179776767
72,0.6689717585696803
68,0.6964132180495735
23,0.0
49,0.7547192872036325
100,1.252057983118666
23,0.0
100,1.150671053287173
23,0.0
21,0.0
72,0.6689717585696803
23,0.0
21,0.0
21,0.0
51,0.7471720943315961
23,0.0
131,1.4599583632035067
21,0.0
23,0.0
51,0.7471720943315961
23,0.0
82,1.294328736722357
119,1.0860926385029004
123,1.0629666939355242
52,0.7397003733882802
84,1.2888571702984495
23,0.0
49,0.7547192872036325
166,1.3820506866431992
21,0.0
23,0.0
117,1.1013191724489382
23,0.0
121,1.0845492234828324
23,0.0
72,0.6689717585696803
21,0.0
51,0.7471720943315961
53,0.7397003733882802
23,0.0
23,0.0
23,0.0
71,0.6757290490602831
51,0.7471720943315961
23,0.0
23,0.0
84,1.2888571702984495
21,0.0
23,0.0
23,0.0
23,0.0
23,0.0
21,0.0
23,0.0
23,0.0
23,0.0
23,0.0
23,0.0
23,0.0
49,0.7547192872036325
23,0.0
23,0.0
171,1.3469003276735043
23,0.0
23,0.0
70,0.682554595010387
50,0.7547192872036325
102,1.1098052547477943
23,0.0
23,0.0
23,0.0
23,0.0
23,0.0
21,0.0
21,0.0
23,0.0
23,0.0
23,0.0
23,0.0
23,0.0
23,0.0
166,1.3820506866431992
23,0.0
51,0.7471720943315961
171,1.612472685759946
100,1.1391643427543012
51,0.7471720943315961
72,0.6689717585696803
70,0.682554595010387
23,0.0
53,0.7323033696543974
23,0.0
53,0.7397003733882802
23,0.0
21,0.0
99,1.1437765624284826
72,0.6757290490602831
23,0.0
101,1.247009124230795
23,0.0
23,0.0
23,0.0
236,1.7767788077411084
72,0.6757290490602831
74,0.6757290490602831
23,0.0
23,0.0
81,1.3074027643660173
51,0.7471720943315961
23,0.0
23,0.0
23,0.0
96,1.1787877370052764
23,0.0
72,0.6689717585696803
23,0.0
21,0.0
71,0.6757290490602831
21,0.0
23,0.0
23,0.0
21,0.0
21,0.0
23,0.0
23,0.0
86,1.2578998571799591
51,0.7471720943315961
86,1.2505768234834151
71,0.6757290490602831
23,0.0
23,0.0
99,1.1369510164783783
149,1.3787175635286666
72,0.6757290490602831
74,0.6757290490602831
23,0.0
166,1.7204654748030677
23,0.0
71,0.6757290490602831
21,0.0
23,0.0
23,0.0
86,1.278077637286709
23,0.0
23,0.0
72,0.6689717585696803
169,1.3301525960815757
21,0.0
73,0.6622820409839835
23,0.0
23,0.0
23,0.0
21,0.0
132,1.5763876108217165
21,0.0
118,1.1150392092577324
21,0.0
23,0.0
71,0.6757290490602831
68,0.6964132180495735
23,0.0
72,0.6689717585696803
132,1.456614594634608
82,1.294328736722357
52,0.7397003733882802
23,0.0
167,1.3656293251629903
71,0.6757290490602831
23,0.0
167,1.3285868221704815
53,0.7323033696543974
119,1.1220033414382282
69,0.6894490858690777
23,0.0
23,0.0
23,0.0
21,0.0
97,1.1669998596352236
116,1.1193380993929711
53,0.7397003733882802
86,1.2578998571799591
116,1.1193380993929711
70,0.682554595010387
23,0.0
49,0.7547192872036325
23,0.0
23,0.0
21,0.0
23,0.0
23,0.0
71,0.6757290490602831
23,0.0
53,0.7323033696543974
122,1.0670140136623072
49,0.7547192872036325
23,0.0
71,0.6757290490602831
21,0.0
23,0.0
21,0.0
23,0.0
23,0.0
67,0.7034476949995692
99,1.1437765624284826
23,0.0
23,0.0
23,0.0
23,0.0
23,0.0
23,0.0
23,0.0
70,0.682554595010387
23,0.0
51,0.7471720943315961
23,0.0
23,0.0
98,1.2698564046274354
99,1.1369510164783783
23,0.0
69,0.6894490858690777
23,0.0
21,0.0
98,1.1553298610388714
193,1.5141634791834186
76,0.6622820409839835
23,0.0
23,0.0
51,0.7471720943315961
23,0.0
72,0.6689717585696803
23,0.0
82,1.294328736722357
69,0.6894490858690777
51,0.7471720943315961
23,0.0
23,0.0
67,0.7034476949995692
23,0.0
51,0.7471720943315961
53,0.7397003733882802
23,0.0
23,0.0
23,0.0
23,0.0
51,0.7471720943315961
23,0.0
23,0.0
23,0.0
86,1.2578998571799591
69,0.6894490858690777
72,0.6689717585696803
21,0.0
193,1.4914667027545712
102,1.2420107539318035
23,0.0
119,1.097063271215051
145,1.416790725883431
23,0.0
102,1.1164949723334907
21,0.0
116,1.1193380993929711
21,0.0
72,0.682554595010387
21,0.0
23,0.0
23,0.0
21,0.0
23,0.0
23,0.0
171,1.3495125314020602
23,0.0
131,1.5939820328806151
69,0.6894490858690777
51,0.7471720943315961
23,0.0
53,0.7323033696543974
98,1.1553298610388714
82,1.294328736722357
23,0.0
21,0.0
23,0.0
21,0.0
23,0.0
23,0.0
23,0.0
23,0.0
23,0.0
51,0.7471720943315961
70,0.682554595010387
52,0.7397003733882802
23,0.0
196,1.7458470749780588
21,0.0
23,0.0
75,0.6556592205741436
23,0.0
21,0.0
70,0.682554595010387
23,0.0
134,1.64375746721563
23,0.0
23,0.0
169,1.7626517346432597
23,0.0
23,0.0
23,0.0
23,0.0
117,1.1376790217913808
51,0.7471720943315961
52,0.7397003733882802
23,0.0
23,0.0
100,1.252057983118666
23,0.0
150,1.362344306202109
23,0.0
23,0.0
188,1.5450087523148657
120,1.0886787201941712
23,0.0
23,0.0
49,0.7547192872036325
217,1.6557421364515228
23,0.0
23,0.0
192,1.80526820941806
122,1.0670140136623072
23,0.0
124,1.052337026996169
73,0.6689717585696803
70,0.682554595010387
72,0.6689717585696803
51,0.7471720943315961
23,0.0
23,0.0
99,1.1369510164783783
84,1.2888571702984495
68,0.6964132180495735
23,0.0
74,0.6622820409839835
23,0.0
21,0.0
21,0.0
23,0.0
100,1.1391643427543012
72,0.6689717585696803
23,0.0
148,1.3926440035643097
23,0.0
21,0.0
23,0.0
23,0.0
49,0.7547192872036325
98,1.1553298610388714
23,0.0
23,0.0
51,0.7471720943315961
70,0.682554595010387
23,0.0
53,0.7397003733882802
23,0.0
118,1.1150392092577324
119,1.103888817165155
76,0.6622820409839835
136,1.4078796111850982
23,0.0
147,1.3708004117760964
23,0.0
23,0.0
51,0.7471720943315961
181,2.0917711233215894
23,0.0
87,1.2706059163433931
23,0.0
23,0.0
72,0.6689717585696803
23,0.0
23,0.0
51,0.7471720943315961
84,1.275968598595465
23,0.0
23,0.0
23,0.0
23,0.0
23,0.0
173,1.3292601155974366
23,0.0
23,0.0
23,0.0
23,0.0
23,0.0
21,0.0
69,0.6894490858690777
21,0.0
72,0.682554595010387
69,0.6894490858690777
72,0.6689717585696803
23,0.0
23,0.0
21,0.0
23,0.0
72,0.6689717585696803
23,0.0
49,0.7547192872036325
23,0.0
23,0.0
23,0.0
72,0.6689717585696803
169,1.6103655290031207
194,1.4675826761509552
23,0.0
100,1.252057983118666
100,1.150671053287173
119,1.0996754749436073
53,0.7397003733882802
84,1.2888571702984495
21,0.0
23,0.0
23,0.0
23,0.0
23,0.0
68,0.6964132180495735
23,0.0
23,0.0
98,1.1553298610388714
23,0.0
69,0.6894490858690777
70,0.682554595010387
100,1.1323387968041978
21,0.0
23,0.0
23,0.0
23,0.0
129,1.4964959225529133
23,0.0
71,0.6757290490602831
71,0.682554595010387
23,0.0
23,0.0
51,0.7471720943315961
72,0.6689717585696803
69,0.6894490858690777
21,0.0
23,0.0
72,0.6689717585696803
23,0.0
51,0.7471720943315961
71,0.6757290490602831
23,0.0
49,0.7547192872036325
23,0.0
23,0.0
23,0.0
99,1.1369510164783783
72,0.682554595010387
23,0.0
82,1.294328736722357
71,0.6757290490602831
23,0.0
51,0.7471720943315961
150,1.3581730974027764
23,0.0
23,0.0
23,0.0
23,0.0
184,1.567076735721141
23,0.0
21,0.0
23,0.0
23,0.0
23,0.0
23,0.0
51,0.7471720943315961
50,0.7547192872036325
23,0.0
23,0.0
23,0.0
71,0.6757290490602831
86,1.278077637286709
49,0.7547192872036325
23,0.0
51,0.7471720943315961
21,0.0
53,0.7397003733882802
21,0.0
168,1.3519730319113603
101,1.1277726993267583
21,0.0
21,0.0
72,0.6757290490602831
23,0.0
69,0.6894490858690777
137,1.9943937809862278
23,0.0
21,0.0
23,0.0
182,1.596990126470752
23,0.0
69,0.6894490858690777
23,0.0
23,0.0
122,1.0777919329922294
51,0.7471720943315961
51,0.7471720943315961
23,0.0
23,0.0
23,0.0
23,0.0
53,0.7323033696543974
100,1.1255815063135945
69,0.6894490858690777
72,0.682554595010387
23,0.0
49,0.7547192872036325
23,0.0
23,0.0
193,1.4915698480314585
102,1.234539032988487
121,1.0819214297035684
104,1.1075892603795912
119,1.097063271215051
23,0.0
72,0.6757290490602831
23,0.0
23,0.0
69,0.6894490858690777
196,1.7638003532811108
23,0.0
23,0.0
49,0.7547192872036325
23,0.0
51,0.7471720943315961
23,0.0
23,0.0
188,1.544945008757701
51,0.7471720943315961
51,0.7471720943315961
23,0.0
52,0.7397003733882802
23,0.0
23,0.0
23,0.0
23,0.0
23,0.0
118,1.0903059807244488
53,0.7323033696543974
102,1.1277726993267583
23,0.0
23,0.0
21,0.0
23,0.0
23,0.0
147,1.381771044488247
121,1.0886787201941712
82,1.294328736722357
23,0.0
23,0.0
23,0.0
23,0.0
100,1.1255815063135945
148,1.5637190645678083
23,0.0
23,0.0
21,0.0
21,0.0
23,0.0
23,0.0
51,0.7471720943315961
23,0.0
21,0.0
23,0.0
23,0.0
23,0.0
23,0.0
23,0.0
23,0.0
52,0.7323033696543974
51,0.7471720943315961
68,0.6964132180495735
53,0.7397003733882802
70,0.682554595010387
49,0.7547192872036325
120,1.0996754749436073
123,1.069656411521221
51,0.7471720943315961
23,0.0
23,0.0
67,0.7034476949995692
82,1.294328736722357
23,0.0
23,0.0
170,1.662583261095033
21,0.0
23,0.0
23,0.0
23,0.0
23,0.0
69,0.6894490858690777
23,0.0
23,0.0
23,0.0
71,0.6757290490602831
23,0.0
171,1.6642435627703154
23,0.0
23,0.0
23,0.0
84,1.2888571702984495
72,0.6689717585696803
23,0.0
72,0.6689717585696803
84,1.2888571702984495
21,0.0
23,0.0
23,0.0
101,1.247009124230795
121,1.0819214297035684
69,0.6894490858690777
75,0.6556592205741436
168,1.3656930687201558
86,1.2578998571799591
23,0.0
51,0.7471720943315961
134,1.6347168962773573
23,0.0
23,0.0
70,0.682554595010387
168,1.370868769401572
51,0.7471720943315961
23,0.0
82,1.294328736722357
21,0.0
53,0.7397003733882802
23,0.0
23,0.0
53,0.7323033696543974
23,0.0
105,1.2051217925292752
119,1.1177474402043417
23,0.0
150,1.4424100424066835
82,1.294328736722357
72,0.6757290490602831
21,0.0
23,0.0
23,0.0
124,1.069656411521221
21,0.0
23,0.0
49,0.7547192872036325
23,0.0
116,1.112443608534281
23,0.0
23,0.0
71,0.6757290490602831
119,1.097063271215051
23,0.0
117,1.1081447183990414
51,0.7471720943315961
68,0.6964132180495735
23,0.0
23,0.0
23,0.0
21,0.0
81,1.294328736722357
69,0.6894490858690777
51,0.7471720943315961
23,0.0
23,0.0
52,0.7397003733882802
23,0.0
23,0.0
23,0.0
130,1.5847635251296974
21,0.0
23,0.0
23,0.0
69,0.6894490858690777
102,1.2420107539318035
23,0.0
23,0.0
21,0.0
23,0.0
98,1.1553298610388714
170,1.7723914567530508
23,0.0
21,0.0
23,0.0
23,0.0
23,0.0
117,1.1193380993929711
23,0.0
23,0.0
73,0.6689717585696803
121,1.0777919329922294
23,0.0
72,0.6689717585696803
23,0.0
23,0.0
23,0.0
23,0.0
21,0.0
21,0.0
23,0.0
51,0.7471720943315961
23,0.0
23,0.0
21,0.0
21,0.0
69,0.6894490858690777
23,0.0
23,0.0
23,0.0
121,1.0819214297035684
23,0.0
23,0.0
23,0.0
84,1.283440319538781
100,1.150671053287173
69,0.6894490858690777
23,0.0
23,0.0
68,0.6964132180495735
23,0.0
102,1.2420107539318035
121,1.0819214297035684
190,1.4883425280324392
23,0.0
23,0.0
51,0.7471720943315961
53,0.7323033696543974
69,0.6894490858690777
99,1.264705033453198
23,0.0
82,1.3018759295943934
120,1.1107833080238458
86,1.2453208586081594
51,0.7471720943315961
53,0.7397003733882802
53,0.7397003733882802
23,0.0
164,1.3735109681467472
49,0.7547192872036325
102,1.1098052547477943
23,0.0
53,0.7323033696543974
23,0.0
102,1.121015408836156
23,0.0
98,1.2698564046274354
23,0.0
23,0.0
49,0.7547192872036325
23,0.0
23,0.0
23,0.0
68,0.6964132180495735
51,0.7471720943315961
23,0.0
85,1.275968598595465
23,0.0
152,1.5544624187876874
23,0.0
69,0.6894490858690777
98,1.1553298610388714
69,0.6894490858690777
70,0.682554595010387
23,0.0
23,0.0
23,0.0
122,1.0886787201941712
50,0.7547192872036325
51,0.7471720943315961
71,0.682554595010387
72,0.6757290490602831
52,0.7323033696543974
23,0.0
21,0.0
70,0.682554595010387
51,0.7471720943315961
23,0.0
21,0.0
23,0.0
51,0.7471720943315961
53,0.7397003733882802
23,0.0
23,0.0
51,0.7471720943315961
23,0.0
51,0.7471720943315961
69,0.6894490858690777
169,1.6579281641116568
23,0.0
175,1.3226572320271592
21,0.0
86,1.2578998571799591
53,0.7397003733882802
118,1.097063271215051
23,0.0
21,0.0
116,1.1193380993929711
53,0.7323033696543974
68,0.6964132180495735
50,0.7547192872036325
102,1.1345982452768628
23,0.0
172,1.7650608649844153
149,1.5505552245664542
23,0.0
21,0.0
70,0.682554595010387
129,1.5932240446327086
23,0.0
23,0.0
122,1.0913747694329363
23,0.0
99,1.1369510164783783
82,1.294328736722357
23,0.0
23,0.0
23,0.0
129,1.4964959225529133
71,0.682554595010387
72,0.6757290490602831
74,0.6757290490602831
23,0.0
23,0.0
70,0.682554595010387
21,0.0
51,0.7471720943315961
116,1.1193380993929711
23,0.0
23,0.0
23,0.0
72,0.682554595010387
23,0.0
23,0.0
23,0.0
68,0.6964132180495735
23,0.0
23,0.0
21,0.0
103,1.2370623673358012
49,0.7547192872036325
71,0.6757290490602831
23,0.0
21,0.0
21,0.0
120,1.0928499289935034
23,0.0
98,1.1484353701801802
84,1.2888571702984495
118,1.0903059807244488
23,0.0
140,1.4050578384104464
23,0.0
23,0.0
72,0.6689717585696803
21,0.0
100,1.252057983118666
23,0.0
21,0.0
23,0.0
23,0.0
23,0.0
188,1.5229041644851924
23,0.0
23,0.0
51,0.7471720943315961
72,0.6757290490602831
23,0.0
69,0.6894490858690777
71,0.6757290490602831
100,1.252057983118666
23,0.0
190,1.5251712357955731
119,1.0928499289935034
23,0.0
23,0.0
70,0.682554595010387
69,0.6894490858690777
101,1.121015408836156
23,0.0
23,0.0
23,0.0
23,0.0
172,1.758068226056836
23,0.0
71,0.6757290490602831
23,0.0
72,0.6689717585696803
114,1.6612826232193874
23,0.0
23,0.0
23,0.0
23,0.0
23,0.0
120,1.1107833080238458
49,0.7547192872036325
23,0.0
23,0.0
21,0.0
23,0.0
23,0.0
23,0.0
23,0.0
71,0.6757290490602831
23,0.0
21,0.0
51,0.7471720943315961
23,0.0
69,0.6894490858690777
23,0.0
21,0.0
23,0.0
153,1.712319026292853
23,0.0
23,0.0
23,0.0
23,0.0
72,0.6689717585696803
21,0.0
23,0.0
51,0.7471720943315961
74,0.6622820409839835
71,0.6757290490602831
23,0.0
121,1.0955042661442753
72,0.6757290490602831
51,0.7471720943315961
172,1.7650608649844153
23,0.0
23,0.0
23,0.0
51,0.7471720943315961
23,0.0
49,0.7547192872036325
23,0.0
23,0.0
23,0.0
23,0.0
23,0.0
99,1.1369510164783783
82,1.294328736722357
119,1.1065699658022983
23,0.0
23,0.0
51,0.7471720943315961
120,1.103888817165155
23,0.0
23,0.0
23,0.0
21,0.0
23,0.0
23,0.0
23,0.0
117,1.1081447183990414
195,1.930414862810356
23,0.0
23,0.0
23,0.0
100,1.252057983118666
23,0.0
52,0.7397003733882802
23,0.0
70,0.682554595010387
121,1.0996754749436073
51,0.7471720943315961
23,0.0
49,0.7547192872036325
69,0.6894490858690777
116,1.1193380993929711
51,0.7471720943315961
169,1.341039383283517
21,0.0
23,0.0
23,0.0
69,0.6894490858690777
119,1.0996754749436073
23,0.0
71,0.6757290490602831
71,0.682554595010387
147,1.377557702266699
51,0.7471720943315961
53,0.7397003733882802
23,0.0
23,0.0
21,0.0
69,0.6894490858690777
23,0.0
23,0.0
52,0.7323033696543974
70,0.682554595010387
51,0.7471720943315961
137,1.6275778051534875
98,1.1553298610388714
71,0.6757290490602831
70,0.682554595010387
23,0.0
96,1.1787877370052764
100,1.252057983118666
116,1.1193380993929711
23,0.0
72,0.682554595010387
49,0.7547192872036325
23,0.0
118,1.097063271215051
130,1.5763876108217165
53,0.7397003733882802
23,0.0
23,0.0
49,0.7547192872036325
122,1.0737037312480042
21,0.0
23,0.0
23,0.0
131,1.581385981120708
53,0.7397003733882802
23,0.0
23,0.0
86,1.2578998571799591
119,1.1065699658022983
23,0.0
23,0.0
74,0.6622820409839835
23,0.0
72,0.6689717585696803
23,0.0
69,0.6894490858690777
23,0.0
23,0.0
72,0.6689717585696803
50,0.7547192872036325
84,1.2964043631704858
68,0.6964132180495735
100,1.252057983118666
51,0.7471720943315961
23,0.0
70,0.682554595010387
84,1.275968598595465
23,0.0
23,0.0
23,0.0
23,0.0
96,1.1787877370052764
72,0.6689717585696803
21,0.0
131,1.6640583743720843
21,0.0
23,0.0
23,0.0
21,0.0
23,0.0
23,0.0
145,1.425262631158245
23,0.0
23,0.0
23,0.0
51,0.7471720943315961
23,0.0
23,0.0
71,0.6757290490602831
68,0.6964132180495735
97,1.1600357274547275
51,0.7471720943315961
23,0.0
21,0.0
23,0.0
100,1.252057983118666
169,1.37523204696829
23,0.0
168,1.3368311903998775
71,0.6757290490602831
51,0.7471720943315961
53,0.7397003733882802
100,1.1255815063135945
23,0.0
51,0.7471720943315961
68,0.6964132180495735
23,0.0
23,0.0
49,0.7547192872036325
101,1.2395374032874793
23,0.0
21,0.0
23,0.0
68,0.6964132180495735
23,0.0
100,1.1460588336129927
23,0.0
71,0.6757290490602831
145,1.4999888115700681
121,1.0711022154065328
21,0.0
173,1.307831992970453
164,1.380405459005438
51,0.7471720943315961
70,0.682554595010387
69,0.6964132180495735
85,1.278077637286709
122,1.0777919329922294
101,1.247009124230795
23,0.0
155,1.3847652166940183
102,1.1164949723334907
23,0.0
23,0.0
23,0.0
23,0.0
113,1.695013389673898
152,1.5196991755975817
21,0.0
23,0.0
21,0.0
51,0.7471720943315961
23,0.0
23,0.0
113,1.6985537360164187
23,0.0
23,0.0
23,0.0
68,0.6964132180495735
23,0.0
21,0.0
51,0.7471720943315961
53,0.7323033696543974
173,1.6386695967305422
119,1.103888817165155
75,0.6689717585696803
51,0.7471720943315961
23,0.0
116,1.1193380993929711
67,0.7034476949995692
51,0.7471720943315961
71,0.6757290490602831
23,0.0
117,1.1193380993929711
102,1.2420107539318035
100,1.1323387968041978
53,0.7397003733882802
23,0.0
50,0.7547192872036325
69,0.6894490858690777
82,1.294328736722357
23,0.0
23,0.0
21,0.0
23,0.0
23,0.0
102,1.2420107539318035
121,1.0819214297035684
117,1.1220033414382282
23,0.0
124,1.058959847406009
23,0.0
118,1.638946975284508
71,0.6757290490602831
23,0.0
72,0.682554595010387
121,1.0777919329922294
69,0.6894490858690777
82,1.3018759295943934
53,0.7397003733882802
21,0.0
21,0.0
71,0.6757290490602831
74,0.6689717585696803
23,0.0
23,0.0
121,1.0996754749436073
120,1.1065699658022983
101,1.247009124230795
122,1.0819214297035684
21,0.0
23,0.0
170,1.7654296722725336
23,0.0
23,0.0
23,0.0
23,0.0
23,0.0
23,0.0
84,1.2964043631704858
51,0.7471720943315961
50,0.7547192872036325
23,0.0
153,1.712319026292853
51,0.7471720943315961
23,0.0
23,0.0
23,0.0
23,0.0
23,0.0
21,0.0
171,1.3497374428968347
23,0.0
23,0.0
71,0.6757290490602831
23,0.0
67,0.7034476949995692
71,0.6757290490602831
23,0.0
51,0.7471720943315961
104,1.1008995427938946
72,0.6757290490602831
51,0.7471720943315961
23,0.0
102,1.2420107539318035
23,0.0
68,0.6964132180495735
23,0.0
23,0.0
23,0.0
23,0.0
23,0.0
121,1.102398757002966
100,1.252057983118666
23,0.0
75,0.6622820409839835
23,0.0
71,0.6757290490602831
68,0.6964132180495735
71,0.682554595010387
101,1.247009124230795
74,0.6622820409839835
86,1.2578998571799591
72,0.6689717585696803
69,0.6894490858690777
99,1.1323387968041978
121,1.0711022154065328
23,0.0
21,0.0
23,0.0
118,1.097063271215051
49,0.7547192872036325
69,0.6894490858690777
23,0.0
49,0.7547192872036325
73,0.6689717585696803
82,1.2888571702984495
157,1.7129210095209983
23,0.0
169,1.3520361380329542
76,0.6556592205741436
122,1.0737037312480042
82,1.294328736722357
51,0.7471720943315961
23,0.0
102,1.234539032988487
49,0.7547192872036325
23,0.0
21,0.0
23,0.0
100,1.252057983118666
127,1.6093172168007157
116,1.1193380993929711
100,1.252057983118666
23,0.0
23,0.0
23,0.0
23,0.0
82,1.294328736722357
84,1.2888571702984495
53,0.7397003733882802
180,2.0613123250168037
23,0.0
100,1.252057983118666
190,1.5277203334025358
82,1.294328736722357
23,0.0
23,0.0
23,0.0
72,0.6689717585696803
23,0.0
23,0.0
23,0.0
21,0.0
23,0.0
192,1.5242229621028625
69,0.6894490858690777
23,0.0
23,0.0
23,0.0
150,1.4377978227325021
84,1.275968598595465
51,0.7471720943315961
23,0.0
100,1.259605175990702
101,1.1277726993267583
69,0.6894490858690777
131,1.4667156536941102
51,0.7471720943315961
51,0.7471720943315961
73,0.6689717585696803
23,0.0
23,0.0
51,0.7471720943315961
116,1.1193380993929711
23,0.0
71,0.6757290490602831
148,1.3679533340433645
23,0.0
21,0.0
23,0.0
101,1.247009124230795
23,0.0
23,0.0
21,0.0
120,1.0928499289935034
23,0.0
119,1.0860926385029004
51,0.7471720943315961
120,1.0996754749436073
69,0.6894490858690777
72,0.6757290490602831
23,0.0
84,1.2888571702984495
155,1.705332513223016
71,0.682554595010387
23,0.0
23,0.0
86,1.278077637286709
87,1.2706059163433931
116,1.1193380993929711
23,0.0
23,0.0
23,0.0
23,0.0
100,1.259605175990702
127,1.6179495191198767
23,0.0
164,1.380405459005438
23,0.0
23,0.0
21,0.0
23,0.0
23,0.0
86,1.278077637286709
51,0.7471720943315961
105,1.2198418299597018
23,0.0
21,0.0
51,0.7471720943315961
23,0.0
72,0.6689717585696803
23,0.0
21,0.0
167,1.357148732592777
21,0.0
102,1.1164949723334907
71,0.6757290490602831
149,1.3787175635286666
53,0.7397003733882802
72,0.6757290490602831
75,0.6689717585696803
23,0.0
132,1.660361077995586
23,0.0
71,0.6757290490602831
21,0.0
23,0.0
23,0.0
23,0.0
23,0.0
23,0.0
23,0.0
23,0.0
146,1.4209203178903271
68,0.6964132180495735
69,0.6894490858690777
23,0.0
21,0.0
169,1.6625403837858364
125,1.0656495649917055
74,0.6689717585696803
23,0.0
72,0.6689717585696803
51,0.7471720943315961
21,0.0
23,0.0
53,0.7323033696543974
71,0.6757290490602831
72,0.6689717585696803
23,0.0
21,0.0
165,1.3847043491406765
23,0.0
194,1.4941484773542262
23,0.0
77,0.6556592205741436
169,1.778593512273888
23,0.0
52,0.7397003733882802
50,0.7547192872036325
192,1.4906908314919025
23,0.0
21,0.0
23,0.0
102,1.2420107539318035
21,0.0
148,1.4554376438776255
23,0.0
23,0.0
101,1.121015408836156
23,0.0
23,0.0
21,0.0
101,1.247009124230795
21,0.0
23,0.0
23,0.0
170,1.7663975386099633
23,0.0
169,1.341039383283517
72,0.6757290490602831
23,0.0
23,0.0
51,0.7471720943315961
23,0.0
23,0.0
23,0.0
183,1.564748280483293
23,0.0
23,0.0
23,0.0
119,1.0860926385029004
23,0.0
149,1.558670205679937
23,0.0
102,1.1098052547477943
23,0.0
21,0.0
133,1.456614594634608
23,0.0
49,0.7547192872036325
23,0.0
102,1.2420107539318035
23,0.0
71,0.6757290490602831
50,0.7547192872036325
23,0.0
122,1.0777919329922294
97,1.1553298610388714
23,0.0
21,0.0
51,0.7471720943315961
70,0.682554595010387
51,0.7471720943315961
23,0.0
53,0.7397003733882802
69,0.6894490858690777
72,0.6689717585696803
150,1.3786504247021742
74,0.6689717585696803
102,1.2420107539318035
121,1.0819214297035684
23,0.0
23,0.0
51,0.7471720943315961
85,1.275968598595465
23,0.0
72,0.6689717585696803
23,0.0
147,1.4701390342198237
23,0.0
131,1.4599583632035067
51,0.7471720943315961
23,0.0
23,0.0
53,0.7397003733882802
23,0.0
149,1.5631007877374825
23,0.0
21,0.0
168,1.3587985778614644
101,1.121015408836156
101,1.1323387968041978
23,0.0
23,0.0
51,0.7471720943315961
23,0.0
23,0.0
103,1.1120197401958531
21,0.0
23,0.0
131,1.4599583632035067
74,0.6622820409839835
51,0.7471720943315961
53,0.7397003733882802
23,0.0
148,1.3884306613427615
23,0.0
174,1.3245417030669668
96,1.1787877370052764
23,0.0
69,0.6894490858690777
50,0.7547192872036325
119,1.1177474402043417
72,0.682554595010387
49,0.7547192872036325
23,0.0
21,0.0
21,0.0
171,1.3276289894506819
23,0.0
23,0.0
118,1.1150392092577324
153,1.8719531947389014
55,0.7323033696543974
23,0.0
23,0.0
23,0.0
23,0.0
21,0.0
23,0.0
53,0.7323033696543974
69,0.6894490858690777
51,0.7471720943315961
120,1.0996754749436073
23,0.0
23,0.0
69,0.6894490858690777
23,0.0
51,0.7471720943315961
23,0.0
123,1.0737037312480042
23,0.0
74,0.6622820409839835
74,0.6622820409839835
49,0.7547192872036325
23,0.0
21,0.0
86,1.278077637286709
70,0.682554595010387
52,0.7397003733882802
70,0.682554595010387
71,0.682554595010387
86,1.278077637286709
75,0.6556592205741436
122,1.0670140136623072
172,1.7743175107645361
53,0.7397003733882802
21,0.0
23,0.0
23,0.0
23,0.0
49,0.7547192872036325
53,0.7323033696543974
68,0.6964132180495735
132,1.5532267309796164
23,0.0
100,1.1255815063135945
70,0.682554595010387
23,0.0
21,0.0
23,0.0
154,1.9152708386918962
52,0.7397003733882802
99,1.150671053287173
71,0.682554595010387
23,0.0
84,1.2888571702984495
69,0.6894490858690777
121,1.102398757002966
72,0.6757290490602831
69,0.6894490858690777
72,0.682554595010387
73,0.6689717585696803
72,0.6689717585696803
83,1.2888571702984495
51,0.7471720943315961
23,0.0
23,0.0
153,1.737408573266432
72,0.682554595010387
129,1.5932240446327086
23,0.0
23,0.0
21,0.0
23,0.0
23,0.0
150,1.3649303878933798
99,1.1323387968041978
51,0.7471720943315961
52,0.7471720943315961
23,0.0
23,0.0
51,0.7471720943315961
23,0.0
53,0.7397003733882802
119,1.097063271215051
101,1.1277726993267583
72,0.6757290490602831
99,1.264705033453198
21,0.0
23,0.0
68,0.6964132180495735
51,0.7471720943315961
23,0.0
23,0.0
23,0.0
23,0.0
23,0.0
82,1.294328736722357
157,1.7128494038343207
69,0.6894490858690777
23,0.0
69,0.6894490858690777
121,1.0819214297035684
23,0.0
23,0.0
23,0.0
147,1.4701390342198237
123,1.0913747694329363
72,0.6757290490602831
131,1.4599583632035067
74,0.6622820409839835
73,0.6689717585696803
118,1.1150392092577324
21,0.0
23,0.0
71,0.6757290490602831
23,0.0
51,0.7471720943315961
71,0.682554595010387
23,0.0
118,1.1081447183990414
132,1.660361077995586
117,1.1013191724489382
74,0.6622820409839835
23,0.0
23,0.0
23,0.0
69,0.6894490858690777
117,1.1193380993929711
72,0.6689717585696803
84,1.2888571702984495
23,0.0
107,1.0965133677757952
96,1.1787877370052764
185,1.565210022953984
74,0.6622820409839835
101,1.247009124230795
124,1.0629666939355242
21,0.0
131,1.581385981120708
83,1.283440319538781
52,0.7397003733882802
21,0.0
69,0.6894490858690777
116,1.1193380993929711
74,0.6622820409839835
119,1.103888817165155
151,1.853309506010434
104,1.2246917436624432
117,1.673753249191934
23,0.0
80,1.3074027643660173
121,1.0928499289935034
75,0.6689717585696803
23,0.0
188,1.5320704047377631
72,0.6757290490602831
23,0.0
68,0.6964132180495735
23,0.0
119,1.097063271215051
72,0.6757290490602831
122,1.0737037312480042
21,0.0
178,2.113545095280811
119,1.1177474402043417
23,0.0
121,1.0845492234828324
23,0.0
190,1.5251712357955731
72,0.6757290490602831
121,1.0845492234828324
23,0.0
51,0.7471720943315961
23,0.0
23,0.0
23,0.0
72,0.6689717585696803
68,0.6964132180495735
84,1.2888571702984495
100,1.150671053287173
69,0.6894490858690777
23,0.0
23,0.0
122,1.0777919329922294
98,1.2698564046274354
23,0.0
23,0.0
69,0.6894490858690777
23,0.0
150,1.560602453753317
23,0.0
118,1.673753249191934
23,0.0
23,0.0
23,0.0
49,0.7547192872036325
23,0.0
171,1.5963479589023466
23,0.0
21,0.0
115,1.6815681986562545
21,0.0
100,1.150671053287173
23,0.0
23,0.0
96,1.1787877370052764
21,0.0
21,0.0
118,1.1081447183990414
86,1.278077637286709
23,0.0
100,1.1345982452768628
52,0.7397003733882802
23,0.0
68,0.6964132180495735
170,1.6856250947621865
23,0.0
53,0.7397003733882802
23,0.0
172,1.5990291075394898
53,0.7397003733882802
23,0.0
23,0.0
23,0.0
189,1.5116769964525287
113,1.695013389673898
75,0.6556592205741436
72,0.6757290490602831
23,0.0
72,0.6689717585696803
23,0.0
75,0.6622820409839835
23,0.0
72,0.6689717585696803
69,0.6894490858690777
74,0.6622820409839835
124,1.052337026996169
23,0.0
23,0.0
51,0.7471720943315961
23,0.0
71,0.682554595010387
23,0.0
189,1.529495558670124
72,0.6757290490602831
23,0.0
23,0.0
23,0.0
84,1.2632089126095103
23,0.0
23,0.0
84,1.2888571702984495
50,0.7547192872036325
122,1.0777919329922294
21,0.0
152,1.4091856460601253
105,1.0898905473659557
107,1.2150404153939873
53,0.7323033696543974
210,1.6815680690768475
52,0.7397003733882802
71,0.6757290490602831
23,0.0
100,1.1277726993267583
102,1.1345982452768628
107,1.188317174183925
72,0.6689717585696803
74,0.6689717585696803
118,1.1081447183990414
190,1.5345458793526396
23,0.0
23,0.0
23,0.0
23,0.0
100,1.1255815063135945
51,0.7471720943315961
23,0.0
23,0.0
146,1.4026228186245966
21,0.0
132,1.660361077995586
72,0.682554595010387
23,0.0
23,0.0
23,0.0
82,1.294328736722357
69,0.6894490858690777
23,0.0
23,0.0
177,1.912596053150343
23,0.0
23,0.0
70,0.682554595010387
23,0.0
23,0.0
23,0.0
23,0.0
21,0.0
100,1.1323387968041978
23,0.0
53,0.7397003733882802
99,1.264705033453198
118,1.1107833080238458
23,0.0
118,1.1150392092577324
51,0.7471720943315961
23,0.0
71,0.682554595010387
23,0.0
71,0.6757290490602831
150,1.3473538831057412
96,1.1787877370052764
23,0.0
23,0.0
84,1.275968598595465
23,0.0
85,1.2632089126095103
154,1.4347432324732192
23,0.0
149,1.4408832674388492
23,0.0
23,0.0
72,0.6689717585696803
23,0.0
23,0.0
23,0.0
23,0.0
23,0.0
23,0.0
169,1.6871839308926309
149,1.3787175635286666
101,1.1277726993267583
178,1.288291494962433
23,0.0
51,0.7471720943315961
149,1.5712662574398444
23,0.0
23,0.0
189,1.5388017805865262
130,1.5932240446327086
23,0.0
23,0.0
71,0.6757290490602831
131,1.4599583632035067
23,0.0
84,1.2888571702984495
53,0.7397003733882802
121,1.0711022154065328
84,1.2632089126095103
23,0.0
51,0.7471720943315961
21,0.0
100,1.252057983118666
53,0.7323033696543974
23,0.0
170,1.603305109048841
101,1.247009124230795
23,0.0
163,1.3873848163098457
23,0.0
74,0.6622820409839835
51,0.7471720943315961
21,0.0
72,0.6689717585696803
154,1.845584707722054
72,0.6757290490602831
23,0.0
23,0.0
150,1.5505552245664542
23,0.0
23,0.0
21,0.0
23,0.0
171,1.5856748594821763
50,0.7471720943315961
23,0.0
23,0.0
189,1.499210179987055
23,0.0
21,0.0
203,2.094416171326052
100,1.1323387968041978
23,0.0
23,0.0
23,0.0
21,0.0
52,0.7397003733882802
23,0.0
71,0.6757290490602831
68,0.6964132180495735
53,0.7397003733882802
118,1.129037818388224
23,0.0
23,0.0
23,0.0
102,1.2420107539318035
51,0.7471720943315961
50,0.7547192872036325
147,1.392852491672237
72,0.6689717585696803
124,1.052337026996169
23,0.0
23,0.0
71,0.6757290490602831
245,2.4419115995332707
76,0.6622820409839835
46,0.7105532272722921
23,0.0
23,0.0
148,1.3789239667555144
103,1.1187770306864557
23,0.0
75,0.6689717585696803
190,1.5259628603876236
124,1.058959847406009
21,0.0
23,0.0
70,0.682554595010387
82,1.294328736722357
71,0.6757290490602831
23,0.0
156,1.7395437743872364
74,0.6689717585696803
23,0.0
23,0.0
23,0.0
68,0.6964132180495735
51,0.7471720943315961
150,1.5637190645678083
71,0.6757290490602831
51,0.7471720943315961
83,1.2813854493551335
23,0.0
23,0.0
23,0.0
49,0.7547192872036325
23,0.0
148,1.5668671562996175
23,0.0
169,1.341039383283517
51,0.7471720943315961
122,1.0670140136623072
67,0.7034476949995692
129,1.588175185744837
96,1.1669998596352236
23,0.0
53,0.7397003733882802
21,0.0
23,0.0
23,0.0
83,1.2964043631704858
82,1.294328736722357
23,0.0
23,0.0
23,0.0
21,0.0
99,1.1437765624284826
82,1.294328736722357
100,1.1255815063135945
23,0.0
84,1.2888571702984495
21,0.0
23,0.0
23,0.0
23,0.0
148,1.4935969101862283
23,0.0
148,1.4554376438776255
115,1.6815681986562545
71,0.6757290490602831
53,0.7397003733882802
23,0.0
72,0.682554595010387
170,1.6694777519537223
172,1.5962105005840865
73,0.6757290490602831
75,0.6622820409839835
76,0.6622820409839835
193,1.8267503206923468
23,0.0
21,0.0
72,0.682554595010387
23,0.0
23,0.0
70,0.682554595010387
100,1.252057983118666
72,0.6689717585696803
187,1.5518394996163918
23,0.0
190,1.537227027989783
49,0.7547192872036325
163,1.3873848163098457
23,0.0
23,0.0
138,1.9779547860554625
188,1.5346826084663192
23,0.0
51,0.7471720943315961
23,0.0
168,1.3519730319113603
23,0.0
72,0.6757290490602831
23,0.0
23,0.0
111,1.7121347370443414
23,0.0
121,1.0819214297035684
73,0.6689717585696803
23,0.0
23,0.0
23,0.0
69,0.6894490858690777
72,0.6689717585696803
134,1.450027036177021
23,0.0
74,0.6622820409839835
21,0.0
23,0.0
72,0.6689717585696803
51,0.7471720943315961
21,0.0
53,0.7397003733882802
23,0.0
51,0.7471720943315961
23,0.0
52,0.7397003733882802
23,0.0
23,0.0
131,1.4599583632035067
23,0.0
23,0.0
116,1.1193380993929711
51,0.7471720943315961
23,0.0
23,0.0
23,0.0
21,0.0
21,0.0
23,0.0
23,0.0
82,1.294328736722357
116,1.1193380993929711
23,0.0
23,0.0
84,1.2632089126095103
69,0.6894490858690777
171,1.3520361380329542
76,0.6622820409839835
23,0.0
71,0.6757290490602831
101,1.121015408836156
23,0.0
147,1.3885965904383506
23,0.0
51,0.7471720943315961
128,1.5116120429827407
118,1.097063271215051
152,1.921542981136033
23,0.0
118,1.1081447183990414
23,0.0
23,0.0
23,0.0
23,0.0
120,1.0860926385029004
101,1.1391643427543012
74,0.6622820409839835
23,0.0
23,0.0
170,1.3494239343043974
72,0.6757290490602831
51,0.7471720943315961
50,0.7547192872036325
23,0.0
23,0.0
69,0.6894490858690777
185,1.5764730452697189
117,1.1013191724489382
23,0.0
49,0.7547192872036325
23,0.0
51,0.7471720943315961
23,0.0
171,1.6468516801772646
23,0.0
23,0.0
23,0.0
23,0.0
53,0.7323033696543974
23,0.0
116,1.1193380993929711
49,0.7547192872036325
23,0.0
23,0.0
72,0.6689717585696803
122,1.0886787201941712
23,0.0
21,0.0
119,1.097063271215051
82,1.3018759295943934
23,0.0
23,0.0
51,0.7471720943315961
23,0.0
23,0.0
23,0.0
148,1.3789239667555144
120,1.0886787201941712
23,0.0
23,0.0
100,1.252057983118666
23,0.0
182,1.580553818669993
178,2.042996401302791
23,0.0
23,0.0
23,0.0
23,0.0
189,1.5390022532573713
23,0.0
23,0.0
100,1.1255815063135945
101,1.1277726993267583
23,0.0
23,0.0
98,1.2698564046274354
23,0.0
171,1.327799707632475
23,0.0
100,1.252057983118666
103,1.2295906463924855
71,0.6757290490602831
23,0.0
53,0.7323033696543974
169,1.7676001212392618
105,1.2246917436624432
23,0.0
23,0.0
151,1.853309506010434
182,2.005296120097337
21,0.0
72,0.6689717585696803
23,0.0
130,1.4747054173772796
74,0.6622820409839835
71,0.682554595010387
153,1.3243260971537139
23,0.0
116,1.6519928306837368
72,0.6689717585696803
75,0.6622820409839835
23,0.0
69,0.6894490858690777
118,1.1150392092577324
72,0.682554595010387
73,0.6689717585696803
21,0.0
51,0.7471720943315961
23,0.0
23,0.0
23,0.0
23,0.0
149,1.4408832674388492
70,0.682554595010387
51,0.7471720943315961
82,1.294328736722357
21,0.0
69,0.6894490858690777
23,0.0
51,0.7471720943315961
70,0.682554595010387
148,1.4554376438776255
21,0.0
23,0.0
153,1.9061389488552563
21,0.0
23,0.0
71,0.682554595010387
169,1.778593512273888
71,0.6757290490602831
23,0.0
23,0.0
100,1.1391643427543012
99,1.1369510164783783
23,0.0
74,0.6622820409839835
23,0.0
23,0.0
23,0.0
121,1.0886787201941712
21,0.0
53,0.7323033696543974
23,0.0
116,1.1193380993929711
51,0.7471720943315961
125,1.0656495649917055
23,0.0
23,0.0
23,0.0
117,1.1376790217913808
23,0.0
23,0.0
23,0.0
51,0.7471720943315961
69,0.6894490858690777
23,0.0
71,0.6757290490602831
52,0.7397003733882802
100,1.1255815063135945
21,0.0
51,0.7471720943315961
53,0.7397003733882802
23,0.0
192,1.4957907178979584
119,1.1107833080238458
23,0.0
78,0.6491026283684022
23,0.0
23,0.0
23,0.0
23,0.0
49,0.7547192872036325
23,0.0
23,0.0
99,1.1437765624284826
53,0.7397003733882802
23,0.0
23,0.0
189,1.5320704047377631
23,0.0
68,0.6964132180495735
69,0.6964132180495735
74,0.6689717585696803
23,0.0
132,1.660361077995586
23,0.0
100,1.264705033453198
23,0.0
99,1.1369510164783783
133,1.6383406164559626
23,0.0
23,0.0
74,0.6622820409839835
23,0.0
153,1.7479940226340824
119,1.1065699658022983
23,0.0
68,0.6964132180495735
100,1.1255815063135945
51,0.7471720943315961
23,0.0
186,1.5746249996302333
23,0.0
23,0.0
49,0.7547192872036325
169,1.3410023991992095
52,0.7397003733882802
21,0.0
170,1.6146214302370077
23,0.0
51,0.7471720943315961
23,0.0
52,0.7397003733882802
119,1.0860926385029004
100,1.252057983118666
23,0.0
23,0.0
21,0.0
23,0.0
49,0.7547192872036325
23,0.0
169,1.368267914787794
75,0.6689717585696803
123,1.0737037312480042
51,0.7471720943315961
124,1.058959847406009
23,0.0
96,1.1787877370052764
23,0.0
67,0.7034476949995692
118,1.097063271215051
68,0.6964132180495735
21,0.0
148,1.3789239667555144
23,0.0
74,0.6622820409839835
21,0.0
51,0.7471720943315961
23,0.0
71,0.6757290490602831
214,1.6416153159490783
23,0.0
158,1.2832235294771293
101,1.247009124230795
169,1.341039383283517
75,0.6622820409839835
23,0.0
23,0.0
71,0.6757290490602831
131,1.4735411996442145
72,0.6757290490602831
21,0.0
101,1.1277726993267583
69,0.6894490858690777
146,1.582694097272341
148,1.3857495127056183
21,0.0
23,0.0
23,0.0
168,1.3656930687201558
23,0.0
72,0.6757290490602831
74,0.6757290490602831
51,0.7471720943315961
69,0.6894490858690777
23,0.0
23,0.0
150,1.37610535980011
152,1.3444579907599976
21,0.0
70,0.6894490858690777
23,0.0
21,0.0
104,1.2172947399285607
50,0.7471720943315961
23,0.0
118,1.0903059807244488
73,0.6689717585696803
23,0.0
21,0.0
51,0.7471720943315961
52,0.7397003733882802
53,0.7397003733882802
51,0.7471720943315961
190,1.5251712357955731
72,0.6757290490602831
74,0.6757290490602831
67,0.7034476949995692
23,0.0
120,1.0996754749436073
119,1.0860926385029004
100,1.259605175990702
102,1.1187770306864557
100,1.252057983118666
23,0.0
85,1.2706059163433931
23,0.0
21,0.0
98,1.1553298610388714
71,0.682554595010387
74,0.6622820409839835
101,1.1277726993267583
74,0.6757290490602831
23,0.0
99,1.1369510164783783
23,0.0
51,0.7471720943315961
23,0.0
102,1.2420107539318035
120,1.0928499289935034
71,0.682554595010387
23,0.0
67,0.7034476949995692
84,1.2888571702984495
50,0.7547192872036325
70,0.682554595010387
167,1.368267914787794
21,0.0
98,1.1553298610388714
82,1.294328736722357
23,0.0
23,0.0
23,0.0
23,0.0
169,1.7883111541126515
82,1.294328736722357
52,0.7397003733882802
105,1.1008995427938946
23,0.0
98,1.2698564046274354
148,1.5668671562996175
23,0.0
83,1.2813854493551335
23,0.0
23,0.0
122,1.0886787201941712
23,0.0
100,1.1391643427543012
149,1.5505552245664542
51,0.7471720943315961
70,0.6894490858690777
23,0.0
23,0.0
118,1.1081447183990414
214,2.0279772043126507
72,0.6757290490602831
54,0.7323033696543974
69,0.6894490858690777
70,0.682554595010387
84,1.2888571702984495
21,0.0
225,2.036248730088086
72,0.6689717585696803
23,0.0
49,0.7547192872036325
23,0.0
129,1.5932240446327086
23,0.0
173,1.5644459116224632
23,0.0
51,0.7471720943315961
82,1.294328736722357
53,0.7397003733882802
190,1.5259628603876236
72,0.6757290490602831
23,0.0
163,1.3761914353159157
75,0.6689717585696803
84,1.2888571702984495
50,0.7547192872036325
51,0.7471720943315961
23,0.0
103,1.2295906463924855
23,0.0
222,1.8931920442938792
54,0.7323033696543974
23,0.0
23,0.0
184,1.567076735721141
51,0.7471720943315961
135,1.447697792687519
53,0.7397003733882802
21,0.0
23,0.0
98,1.1553298610388714
51,0.7471720943315961
69,0.6894490858690777
23,0.0
23,0.0
80,1.3074027643660173
71,0.6757290490602831
23,0.0
50,0.7547192872036325
100,1.1460588336129927
72,0.682554595010387
145,1.5910574791922265
102,1.1164949723334907
54,0.7323033696543974
172,1.7650608649844153
68,0.6964132180495735
23,0.0
167,1.3640545725662472
69,0.6894490858690777
23,0.0
169,1.651170873621053
21,0.0
51,0.7471720943315961
203,1.7791407454624526
69,0.6894490858690777
154,1.8237998873150612
23,0.0
23,0.0
119,1.1065699658022983
169,1.651170873621053
103,1.2370623673358012
23,0.0
21,0.0
21,0.0
23,0.0
21,0.0
51,0.7471720943315961
53,0.7397003733882802
70,0.682554595010387
23,0.0
71,0.6757290490602831
147,1.5878454684465795
102,1.234539032988487
23,0.0
100,1.252057983118666
23,0.0
23,0.0
51,0.7471720943315961
23,0.0
23,0.0
69,0.6894490858690777
21,0.0
119,1.0996754749436073
23,0.0
146,1.4026228186245966
23,0.0
80,1.3074027643660173
51,0.7471720943315961
72,0.682554595010387
118,1.1081447183990414
23,0.0
21,0.0
23,0.0
23,0.0
101,1.121015408836156
148,1.558670205679937
23,0.0
23,0.0
23,0.0
23,0.0
215,2.1026015536862266
72,0.6757290490602831
21,0.0
23,0.0
23,0.0
23,0.0
23,0.0
51,0.7471720943315961
21,0.0
51,0.7471720943315961
23,0.0
151,1.4347432324732192
147,1.4701390342198237
53,0.7397003733882802
23,0.0
118,1.103888817165155
86,1.278077637286709
21,0.0
119,1.0860926385029004
100,1.1460588336129927
55,0.7249803359578534
209,1.7219605418364516
23,0.0
23,0.0
23,0.0
98,1.1553298610388714
21,0.0
21,0.0
192,1.5261585818876682
187,1.5228929288615598
23,0.0
75,0.6556592205741436
174,1.2949855489259223
23,0.0
23,0.0
67,0.7034476949995692
170,1.6579281641116568
74,0.6622820409839835
23,0.0
192,1.51742775856309
72,0.6757290490602831
159,1.6379499620672826
124,1.0629666939355242
23,0.0
23,0.0
121,1.0819214297035684
193,1.487263057881091
23,0.0
77,0.6556592205741436
23,0.0
49,0.7547192872036325
23,0.0
119,1.1107833080238458
168,1.3461633269581195
133,1.6512291881589467
119,1.0996754749436073
21,0.0
72,0.6757290490602831
75,0.6689717585696803
23,0.0
151,1.7869663128754436
23,0.0
122,1.0886787201941712
51,0.7471720943315961
72,0.6689717585696803
96,1.1669998596352236
23,0.0
73,0.6689717585696803
74,0.6689717585696803
169,1.361479726498607
23,0.0
72,0.6757290490602831
75,0.6622820409839835
76,0.6622820409839835
23,0.0
69,0.6894490858690777
131,1.6640583743720843
72,0.682554595010387
52,0.7397003733882802
119,1.097063271215051
83,1.3018759295943934
51,0.7471720943315961
21,0.0
72,0.6757290490602831
100,1.1255815063135945
21,0.0
123,1.0629666939355242
151,1.3473538831057412
153,1.8447221447138777
100,1.1460588336129927
68,0.6964132180495735
23,0.0
23,0.0
72,0.6689717585696803
23,0.0
67,0.7034476949995692
51,0.7471720943315961
97,1.1669998596352236
118,1.097063271215051
131,1.4667156536941102
21,0.0
100,1.252057983118666
152,1.5399980589167914
72,0.682554595010387
23,0.0
23,0.0
100,1.259605175990702
69,0.6894490858690777
21,0.0
23,0.0
69,0.6894490858690777
23,0.0
131,1.5615188861445177
23,0.0
23,0.0
100,1.1460588336129927
104,1.209971706232016
57,0.7177305325982748
150,1.4332317252550628
170,1.3673998723470786
115,1.130644544841385
21,0.0
122,1.080461021738607
74,0.6689717585696803
147,1.381771044488247
72,0.6757290490602831
21,0.0
23,0.0
23,0.0
152,1.3444579907599976
171,1.783991960668863
98,1.1622939932193666
75,0.6556592205741436
23,0.0
99,1.1369510164783783
120,1.0996754749436073
21,0.0
23,0.0
53,0.7397003733882802
23,0.0
194,1.9474156688545785
23,0.0
175,1.6514011024326216
23,0.0
84,1.2888571702984495
23,0.0
51,0.7471720943315961
23,0.0
21,0.0
23,0.0
23,0.0
72,0.6689717585696803
99,1.264705033453198
21,0.0
23,0.0
116,1.1193380993929711
149,1.5505552245664542
75,0.6622820409839835
23,0.0
121,1.0777919329922294
23,0.0
83,1.2964043631704858
72,0.6689717585696803
53,0.7397003733882802
70,0.682554595010387
51,0.7471720943315961
72,0.6689717585696803
122,1.0913747694329363
51,0.7471720943315961
23,0.0
72,0.6689717585696803
23,0.0
168,1.780763961240616
23,0.0
23,0.0
84,1.283440319538781
21,0.0
150,1.3649303878933798
101,1.2395374032874793
118,1.1150392092577324
51,0.7471720943315961
23,0.0
53,0.7397003733882802
71,0.6757290490602831
51,0.7471720943315961
121,1.1065699658022983
84,1.275968598595465
168,1.3260119761028424
23,0.0
120,1.1107833080238458
23,0.0
72,0.6757290490602831
154,1.3677650067506713
21,0.0
215,1.6449719262257767
172,1.3452105920828497
74,0.6689717585696803
23,0.0
23,0.0
23,0.0
84,1.2632089126095103
71,0.6757290490602831
23,0.0
73,0.6689717585696803
187,1.5451815256922175
69,0.6894490858690777
23,0.0
173,1.3385157766526246
75,0.6689717585696803
23,0.0
188,1.5406664978719546
23,0.0
21,0.0
23,0.0
166,1.3820506866431992
69,0.6894490858690777
74,0.6689717585696803
152,1.415875363645822
23,0.0
69,0.6894490858690777
104,1.2172947399285607
121,1.0886787201941712
82,1.294328736722357
23,0.0
23,0.0
158,1.6924436822216011
23,0.0
121,1.0711022154065328
74,0.6622820409839835
200,2.069949335258132
51,0.7471720943315961
98,1.1553298610388714
21,0.0
23,0.0
147,1.392852491672237
23,0.0
23,0.0
49,0.7547192872036325
135,1.550791720957277
23,0.0
23,0.0
23,0.0
23,0.0
23,0.0
192,1.486647808182171
192,1.4918064319363398
73,0.6757290490602831
23,0.0
23,0.0
23,0.0
23,0.0
70,0.682554595010387
23,0.0
211,1.7046875668618466
23,0.0
148,1.3884306613427615
21,0.0
52,0.7397003733882802
23,0.0
23,0.0
23,0.0
119,1.097063271215051
23,0.0
21,0.0
167,1.357148732592777
69,0.6894490858690777
123,1.0777919329922294
70,0.682554595010387
23,0.0
189,2.384718081838512
100,1.150671053287173
21,0.0
71,0.682554595010387
103,1.1187770306864557
118,1.1150392092577324
98,1.2698564046274354
23,0.0
21,0.0
23,0.0
23,0.0
21,0.0
131,1.6640583743720843
71,0.6757290490602831
83,1.2813854493551335
172,1.568771543599506
23,0.0
23,0.0
23,0.0
69,0.6894490858690777
23,0.0
23,0.0
23,0.0
23,0.0
23,0.0
23,0.0
171,1.3495125314020602
51,0.7471720943315961
21,0.0
154,1.5162284173589098
23,0.0
21,0.0
52,0.7397003733882802
21,0.0
23,0.0
84,1.2888571702984495
67,0.7034476949995692
69,0.6894490858690777
23,0.0
100,1.1255815063135945
23,0.0
69,0.6894490858690777
170,1.6505235259615219
170,1.3168510701207599
21,0.0
119,1.097063271215051
72,0.6757290490602831
23,0.0
147,1.377557702266699
23,0.0
98,1.1553298610388714
151,1.3689934171664915
146,1.582694097272341
23,0.0
23,0.0
23,0.0
21,0.0
23,0.0
23,0.0
100,1.259605175990702
23,0.0
69,0.6894490858690777
117,1.1013191724489382
71,0.6757290490602831
23,0.0
23,0.0
23,0.0
98,1.1553298610388714
133,1.6383406164559626
51,0.7471720943315961
23,0.0
21,0.0
23,0.0
70,0.682554595010387
98,1.150671053287173
23,0.0
23,0.0
23,0.0
23,0.0
23,0.0
117,1.1193380993929711
82,1.294328736722357
23,0.0
49,0.7547192872036325
23,0.0
69,0.6894490858690777
51,0.7471720943315961
51,0.7471720943315961
53,0.7397003733882802
173,1.7361451303216686
23,0.0
23,0.0
23,0.0
129,1.5932240446327086
133,1.557313403830289
23,0.0
70,0.682554595010387
21,0.0
102,1.2420107539318035
187,1.5451587128251358
132,1.660361077995586
51,0.7471720943315961
23,0.0
71,0.6757290490602831
148,1.3857495127056183
69,0.6894490858690777
86,1.2578998571799591
69,0.6894490858690777
51,0.7471720943315961
150,1.4332317252550628
23,0.0
23,0.0
70,0.682554595010387
123,1.0777919329922294
21,0.0
152,1.921542981136033
23,0.0
21,0.0
50,0.7547192872036325
118,1.1150392092577324
23,0.0
170,1.596410618190151
53,0.7397003733882802
23,0.0
53,0.7397003733882802
98,1.1553298610388714
70,0.682554595010387
23,0.0
21,0.0
100,1.1391643427543012
23,0.0
188,1.5475835983825055
100,1.252057983118666
51,0.7471720943315961
99,1.1437765624284826
172,1.3185690302829338
51,0.7471720943315961
23,0.0
23,0.0
23,0.0
147,1.4701390342198237
169,1.7676001212392618
23,0.0
53,0.7397003733882802
23,0.0
23,0.0
23,0.0
98,1.1553298610388714
237,1.793753086829498
23,0.0
121,1.0819214297035684
23,0.0
171,1.7632809277954726
23,0.0
23,0.0
23,0.0
21,0.0
23,0.0
97,1.1669998596352236
189,1.5185619100422807
23,0.0
23,0.0
51,0.7471720943315961
23,0.0
23,0.0
23,0.0
23,0.0
99,1.1437765624284826
51,0.7471720943315961
70,0.682554595010387
100,1.252057983118666
153,1.9116105152791627
21,0.0
23,0.0
71,0.6757290490602831
51,0.7471720943315961
23,0.0
133,1.6512291881589467
21,0.0
151,1.5449964292157838
23,0.0
148,1.3789239667555144
172,1.3226572320271592
76,0.6622820409839835
23,0.0
51,0.7471720943315961
121,1.0777919329922294
21,0.0
51,0.7471720943315961
124,1.052337026996169
23,0.0
21,0.0
100,1.252057983118666
152,1.4279859419826166
70,0.682554595010387
118,1.1150392092577324
23,0.0
51,0.7471720943315961
53,0.7397003733882802
190,1.5058998975727513
69,0.6894490858690777
72,0.682554595010387
201,1.706235806674911
51,0.7471720943315961
77,0.6622820409839835
23,0.0
69,0.6894490858690777
114,1.6945869579521982
101,1.1345982452768628
53,0.7397003733882802
82,1.294328736722357
96,1.1669998596352236
120,1.0886787201941712
23,0.0
160,1.6720765909409268
72,0.6689717585696803
72,0.6689717585696803
23,0.0
23,0.0
73,0.6622820409839835
71,0.6757290490602831
175,1.3337914154775157
75,0.6689717585696803
51,0.7471720943315961
104,1.2246917436624432
23,0.0
21,0.0
169,1.6103655290031207
122,1.0955042661442753
72,0.6757290490602831
170,1.596410618190151
121,1.0819214297035684
23,0.0
50,0.7547192872036325
53,0.7397003733882802
100,1.1255815063135945
23,0.0
23,0.0
121,1.0711022154065328
131,1.581385981120708
148,1.5637190645678083
102,1.121015408836156
87,1.2706059163433931
74,0.6622820409839835
23,0.0
70,0.682554595010387
51,0.7471720943315961
23,0.0
121,1.0777919329922294
72,0.6689717585696803
23,0.0
135,1.445460938699581
23,0.0
23,0.0
49,0.7547192872036325
118,1.1081447183990414
99,1.1369510164783783
73,0.6689717585696803
21,0.0
23,0.0
196,1.7388854452928753
104,1.1008995427938946
23,0.0
77,0.6556592205741436
23,0.0
23,0.0
119,1.103888817165155
51,0.7471720943315961
23,0.0
72,0.6689717585696803
197,1.7693861646093436
21,0.0
21,0.0
23,0.0
49,0.7547192872036325
51,0.7471720943315961
153,1.8907012795453093
51,0.7471720943315961
23,0.0
82,1.3018759295943934
172,1.5990291075394898
23,0.0
23,0.0
23,0.0
189,1.5474714967128047
51,0.7471720943315961
53,0.7397003733882802
71,0.6757290490602831
172,1.307831992970453
96,1.1787877370052764
23,0.0
23,0.0
23,0.0
136,1.629686843844732
98,1.1553298610388714
129,1.5932240446327086
23,0.0
170,1.5828277817494438
69,0.6894490858690777
23,0.0
98,1.1553298610388714
69,0.6894490858690777
51,0.7471720943315961
72,0.6757290490602831
21,0.0
23,0.0
96,1.1787877370052764
23,0.0
23,0.0
69,0.6964132180495735
69,0.6894490858690777
23,0.0
170,1.596410618190151
21,0.0
149,1.3856120543873567
150,1.5505552245664542
188,1.529650219352163
71,0.6757290490602831
74,0.6689717585696803
75,0.6689717585696803
177,1.912596053150343
84,1.2888571702984495
23,0.0
121,1.0711022154065328
171,1.734670581171504
23,0.0
117,1.1013191724489382
21,0.0
101,1.1277726993267583
23,0.0
121,1.0886787201941712
100,1.259605175990702
21,0.0
53,0.7323033696543974
188,1.5406891075238138
82,1.294328736722357
105,1.2198418299597018
69,0.6894490858690777
71,0.682554595010387
101,1.1277726993267583
23,0.0
129,1.5932240446327086
71,0.6757290490602831
23,0.0
23,0.0
23,0.0
23,0.0
127,1.526880851497718
23,0.0
23,0.0
149,1.5637190645678083
21,0.0
23,0.0
21,0.0
21,0.0
70,0.682554595010387
189,1.5475458633714778
75,0.6556592205741436
21,0.0
51,0.7471720943315961
23,0.0
122,1.0777919329922294
104,1.1008995427938946
21,0.0
124,1.056343873525684
51,0.7471720943315961
23,0.0
50,0.7471720943315961
121,1.102398757002966
50,0.7547192872036325
147,1.3708004117760964
70,0.6894490858690777
23,0.0
53,0.7397003733882802
21,0.0
23,0.0
84,1.2964043631704858
117,1.1220033414382282
100,1.252057983118666
52,0.7397003733882802
23,0.0
23,0.0
51,0.7471720943315961
122,1.0886787201941712
23,0.0
23,0.0
21,0.0
70,0.682554595010387
21,0.0
21,0.0
102,1.2420107539318035
23,0.0
129,1.5233999203527937
51,0.7471720943315961
21,0.0
23,0.0
148,1.5712662574398444
23,0.0
23,0.0
23,0.0
150,1.5575170090469708
53,0.7397003733882802
71,0.6757290490602831
23,0.0
54,0.7323033696543974
72,0.6689717585696803
23,0.0
166,1.403045271539086
21,0.0
74,0.6622820409839835
23,0.0
190,1.501618817926947
23,0.0
23,0.0
75,0.6556592205741436
23,0.0
21,0.0
100,1.252057983118666
53,0.7397003733882802
21,0.0
191,1.5216738644958985
72,0.6757290490602831
21,0.0
84,1.275968598595465
74,0.6757290490602831
147,1.4701390342198237
23,0.0
102,1.234539032988487
122,1.0670140136623072
23,0.0
72,0.6689717585696803
149,1.382930905750214
21,0.0
50,0.7547192872036325
72,0.6689717585696803
23,0.0
149,1.4669909424880136
50,0.7547192872036325
55,0.7249803359578534
57,0.7177305325982748
168,1.3368311903998775
74,0.6622820409839835
23,0.0
100,1.252057983118666
50,0.7471720943315961
51,0.7471720943315961
152,1.8932503771522717
53,0.7397003733882802
100,1.150671053287173
23,0.0
71,0.6757290490602831
21,0.0
23,0.0
167,1.812509266431088
72,0.682554595010387
216,1.6595559670098938
72,0.6757290490602831
124,1.0656495649917055
77,0.6556592205741436
23,0.0
23,0.0
23,0.0
120,1.1107833080238458
123,1.0629666939355242
72,0.6757290490602831
176,1.5467580178887756
96,1.1787877370052764
71,0.682554595010387
53,0.7397003733882802
23,0.0
146,1.4026228186245966
133,1.470197431075315
87,1.278077637286709
23,0.0
23,0.0
98,1.1553298610388714
69,0.6894490858690777
21,0.0
23,0.0
72,0.6757290490602831
116,1.1193380993929711
53,0.7323033696543974
118,1.103888817165155
21,0.0
73,0.6689717585696803
51,0.7471720943315961
119,1.097063271215051
21,0.0
191,1.5150292117597817
104,1.1120197401958531
23,0.0
51,0.7471720943315961
98,1.1553298610388714
71,0.6757290490602831
87,1.265296860913842
23,0.0
114,1.6945869579521982
119,1.097063271215051
69,0.6894490858690777
75,0.6622820409839835
23,0.0
119,1.103888817165155
189,1.5277834395241296
23,0.0
102,1.2420107539318035
172,1.5921346166807993
51,0.7471720943315961
123,1.0737037312480042
21,0.0
23,0.0
23,0.0
23,0.0
147,1.3708004117760964
21,0.0
23,0.0
84,1.283440319538781
148,1.3789239667555144
53,0.7397003733882802
72,0.6757290490602831
55,0.7323033696543974
146,1.4026228186245966
69,0.6894490858690777
23,0.0
52,0.7397003733882802
49,0.7547192872036325
23,0.0
70,0.682554595010387
51,0.7471720943315961
51,0.7471720943315961
192,1.4973805490775993
171,1.598337757616375
23,0.0
21,0.0
55,0.7249803359578534
120,1.103888817165155
51,0.7471720943315961
51,0.7471720943315961
71,0.6757290490602831
53,0.7397003733882802
74,0.6622820409839835
23,0.0
51,0.7471720943315961
129,1.5932240446327086
23,0.0
23,0.0
183,2.081818130662419
119,1.1107833080238458
21,0.0
82,1.294328736722357
72,0.6689717585696803
23,0.0
49,0.7547192872036325
100,1.252057983118666
101,1.1164949723334907
71,0.6757290490602831
145,1.4098265937029355
21,0.0
100,1.1391643427543012
23,0.0
23,0.0
23,0.0
188,1.5143537171586414
23,0.0
74,0.6622820409839835
130,1.5763876108217165
134,1.621957210291403
21,0.0
21,0.0
23,0.0
21,0.0
187,1.5161468739945885
104,1.1008995427938946
23,0.0
96,1.1787877370052764
23,0.0
23,0.0
170,1.770428042571525
51,0.7471720943315961
23,0.0
53,0.7397003733882802
23,0.0
194,1.9613771243204814
23,0.0
23,0.0
21,0.0
148,1.390005413939505
49,0.7547192872036325
53,0.7397003733882802
21,0.0
102,1.1232522628240942
102,1.2420107539318035
167,1.3820506866431992
49,0.7547192872036325
23,0.0
23,0.0
23,0.0
183,1.8829051419866296
23,0.0
51,0.7471720943315961
152,1.3445913664287485
69,0.6894490858690777
151,1.9241438357498102
71,0.6757290490602831
23,0.0
53,0.7397003733882802
118,1.1081447183990414
171,1.342842952038144
75,0.6622820409839835
21,0.0
72,0.6757290490602831
23,0.0
23,0.0
170,1.7654296722725336
70,0.6894490858690777
150,1.371892017578562
23,0.0
190,1.5277203334025358
23,0.0
72,0.6757290490602831
152,1.336403824503699
72,0.6689717585696803
70,0.682554595010387
142,1.9559200077991301
69,0.6894490858690777
73,0.6757290490602831
23,0.0
21,0.0
100,1.252057983118666
100,1.1323387968041978
23,0.0
100,1.252057983118666
188,1.5406891075238138
23,0.0
21,0.0
23,0.0
23,0.0
167,1.7990460270487068
82,1.294328736722357
21,0.0
69,0.6894490858690777
84,1.2632089126095103
69,0.6894490858690777
135,1.4422164834009465
23,0.0
124,1.080461021738607
174,1.550865527877411
23,0.0
23,0.0
143,1.4314173072586929
23,0.0
147,1.381771044488247
23,0.0
54,0.7323033696543974
102,1.2420107539318035
23,0.0
100,1.252057983118666
23,0.0
102,1.1277726993267583
23,0.0
23,0.0
23,0.0
156,1.7074002401358694
23,0.0
53,0.7397003733882802
51,0.7471720943315961
23,0.0
117,1.1013191724489382
23,0.0
23,0.0
23,0.0
122,1.0777919329922294
74,0.6622820409839835
23,0.0
123,1.0603911932524674
51,0.7471720943315961
23,0.0
51,0.7471720943315961
51,0.7471720943315961
123,1.080461021738607
74,0.6622820409839835
23,0.0
172,1.3276289894506819
52,0.7397003733882802
21,0.0
23,0.0
82,1.294328736722357
119,1.103888817165155
53,0.7397003733882802
23,0.0
21,0.0
23,0.0
51,0.7471720943315961
52,0.7397003733882802
70,0.682554595010387
72,0.6689717585696803
215,1.9285603155083395
102,1.1098052547477943
75,0.6556592205741436
23,0.0
23,0.0
72,0.6689717585696803
164,1.4030774367763585
23,0.0
74,0.6622820409839835
23,0.0
118,1.6351365041034636
69,0.6894490858690777
51,0.7471720943315961
23,0.0
23,0.0
122,1.0777919329922294
123,1.0629666939355242
21,0.0
23,0.0
23,0.0
23,0.0
23,0.0
23,0.0
86,1.278077637286709
21,0.0
118,1.6351365041034636
168,1.3794235607706973
21,0.0
101,1.247009124230795
23,0.0
190,1.4992880891976328
123,1.0629666939355242
77,0.6556592205741436
82,1.294328736722357
23,0.0
102,1.2420107539318035
99,1.1369510164783783
23,0.0
21,0.0
52,0.7397003733882802
119,1.097063271215051
120,1.0886787201941712
23,0.0
23,0.0
72,0.6757290490602831
171,1.3276289894506819
21,0.0
23,0.0
21,0.0
50,0.7547192872036325
84,1.2632089126095103
23,0.0
150,1.3828216335015067
85,1.275968598595465
23,0.0
51,0.7471720943315961
23,0.0
100,1.150671053287173
149,1.3704168580179952
102,1.1277726993267583
23,0.0
169,1.778593512273888
170,1.342686985451956
71,0.682554595010387
53,0.7397003733882802
23,0.0
23,0.0
98,1.1553298610388714
84,1.283440319538781
53,0.7397003733882802
23,0.0
98,1.1553298610388714
52,0.7397003733882802
53,0.7397003733882802
98,1.2698564046274354
23,0.0
23,0.0
101,1.247009124230795
23,0.0
171,1.6468516801772646
192,1.51742775856309
76,0.6622820409839835
21,0.0
23,0.0
70,0.682554595010387
23,0.0
23,0.0
151,1.8507086513966566
23,0.0
23,0.0
150,1.5637190645678083
23,0.0
188,1.529650219352163
23,0.0
21,0.0
155,1.7132089415836642
97,1.1669998596352236
23,0.0
51,0.7547192872036325
23,0.0
169,1.3545852356399162
70,0.682554595010387
120,1.0886787201941712
21,0.0
103,1.105330022610156
239,1.759088947155334
21,0.0
101,1.1277726993267583
53,0.7397003733882802
121,1.0845492234828324
119,1.097063271215051
23,0.0
168,1.3394589841791418
171,1.323540787706457
74,0.6757290490602831
23,0.0
150,1.3733149389142596
23,0.0
74,0.6622820409839835
104,1.1008995427938946
71,0.6757290490602831
86,1.2578998571799591
102,1.234539032988487
84,1.2888571702984495
73,0.6689717585696803
170,1.652081155376419
123,1.0670140136623072
70,0.6894490858690777
23,0.0
23,0.0
122,1.0886787201941712
75,0.6622820409839835
23,0.0
75,0.6689717585696803
125,1.087286567688711
122,1.0886787201941712
100,1.1391643427543012
23,0.0
23,0.0
69,0.6894490858690777
123,1.0737037312480042
23,0.0
23,0.0
151,1.9241438357498102
165,1.7086775974330146
98,1.1553298610388714
23,0.0
86,1.2632089126095103
23,0.0
55,0.7249803359578534
153,1.8421730471069147
23,0.0
21,0.0
71,0.6757290490602831
23,0.0
23,0.0
21,0.0
170,1.5937984144615938
23,0.0
72,0.6757290490602831
51,0.7471720943315961
96,1.1669998596352236
23,0.0
55,0.7249803359578534
23,0.0
129,1.5898123840175677
167,1.350334535757452
75,0.6689717585696803
67,0.7034476949995692
77,0.6622820409839835
99,1.1437765624284826
51,0.7471720943315961
170,1.3589306288916447
74,0.6622820409839835
21,0.0
100,1.252057983118666
211,1.6737689766655113
23,0.0
21,0.0
23,0.0
169,1.341039383283517
172,1.3184409013004008
21,0.0
77,0.6556592205741436
99,1.264705033453198
149,1.3609635182886275
23,0.0
100,1.252057983118666
175,1.7224579269338989
74,0.6622820409839835
23,0.0
23,0.0
82,1.3018759295943934
51,0.7471720943315961
23,0.0
155,1.7244306078278744
23,0.0
84,1.2888571702984495
23,0.0
23,0.0
23,0.0
182,1.5945524278004841
21,0.0
23,0.0
51,0.7471720943315961
172,1.3469003276735043
100,1.252057983118666
23,0.0
21,0.0
72,0.6757290490602831
86,1.2578998571799591
55,0.7249803359578534
23,0.0
23,0.0
23,0.0
152,1.3444579907599976
115,1.6910065431443824
53,0.7397003733882802
121,1.0711022154065328
23,0.0
23,0.0
23,0.0
23,0.0
23,0.0
21,0.0
71,0.6757290490602831
151,1.3648639204551525
76,0.6622820409839835
75,0.6622820409839835
23,0.0
23,0.0
23,0.0
187,1.5475458633714778
51,0.7471720943315961
172,1.5823543800402113
23,0.0
117,1.1193380993929711
132,1.5581751175756182
197,1.7996737069120297
51,0.7471720943315961
119,1.103888817165155
102,1.2420107539318035
50,0.7547192872036325
21,0.0
23,0.0
153,1.712319026292853
82,1.294328736722357
23,0.0
103,1.105330022610156
77,0.6556592205741436
23,0.0
86,1.2578998571799591
23,0.0
103,1.2295906463924855
119,1.1065699658022983
147,1.5668671562996175
105,1.2246917436624432
23,0.0
23,0.0
117,1.1150392092577324
23,0.0
23,0.0
51,0.7471720943315961
149,1.4638743316735223
23,0.0
23,0.0
49,0.7547192872036325
23,0.0
23,0.0
147,1.4701390342198237
170,1.7723914567530508
52,0.7397003733882802
70,0.682554595010387
23,0.0
69,0.6894490858690777
102,1.2271420292546045
181,2.0873294667681774
71,0.6757290490602831
23,0.0
21,0.0
169,1.778593512273888
99,1.1437765624284826
23,0.0
74,0.6689717585696803
23,0.0
153,1.8164286468408264
21,0.0
53,0.7397003733882802
23,0.0
23,0.0
23,0.0
116,1.1193380993929711
51,0.7471720943315961
50,0.7547192872036325
23,0.0
118,1.638946975284508
71,0.6757290490602831
73,0.6689717585696803
119,1.0928499289935034
74,0.6622820409839835
172,1.7650608649844153
167,1.350334535757452
75,0.6689717585696803
23,0.0
74,0.6757290490602831
170,1.607726939378317
23,0.0
23,0.0
72,0.6689717585696803
23,0.0
118,1.097063271215051
51,0.7471720943315961
53,0.7397003733882802
174,1.3294145225177625
23,0.0
23,0.0
154,1.704409160246516
71,0.6757290490602831
51,0.7471720943315961
21,0.0
190,1.4992880891976328
122,1.0670140136623072
82,1.294328736722357
23,0.0
101,1.2395374032874793
70,0.682554595010387
68,0.6964132180495735
72,0.6757290490602831
23,0.0
21,0.0
98,1.1553298610388714
72,0.6689717585696803
21,0.0
23,0.0
74,0.6622820409839835
120,1.0860926385029004
155,1.7385053302471352
23,0.0
23,0.0
23,0.0
71,0.6757290490602831
72,0.6689717585696803
23,0.0
148,1.3815361704840712
21,0.0
23,0.0
21,0.0
173,1.3360174060880396
23,0.0
72,0.682554595010387
23,0.0
103,1.2370623673358012
145,1.4999888115700681
72,0.6689717585696803
51,0.7547192872036325
101,1.121015408836156
152,1.415875363645822
168,1.793651618538127
23,0.0
23,0.0
23,0.0
21,0.0
23,0.0
169,1.778593512273888
51,0.7471720943315961
148,1.5536718353809458
23,0.0
23,0.0
53,0.7397003733882802
23,0.0
154,1.7211649298267442
72,0.682554595010387
21,0.0
121,1.0996754749436073
75,0.6689717585696803
121,1.0777919329922294
23,0.0
192,1.5217624615935614
85,1.2558858789129663
23,0.0
150,1.3540436006914383
188,1.5120173772832495
155,1.4889896990687188
53,0.7397003733882802
71,0.682554595010387
119,1.097063271215051
72,0.6757290490602831
21,0.0
194,1.4768883676169764
21,0.0
172,1.7590476863012154
23,0.0
23,0.0
116,1.1193380993929711
23,0.0
82,1.294328736722357
105,1.2198418299597018
23,0.0
69,0.6894490858690777
23,0.0
23,0.0
23,0.0
132,1.4781534193183954
72,0.6757290490602831
23,0.0
98,1.1553298610388714
21,0.0
151,1.4188994080025121
23,0.0
51,0.7471720943315961
23,0.0
80,1.3074027643660173
69,0.6894490858690777
123,1.0777919329922294
21,0.0
170,1.776444767796828
100,1.150671053287173
70,0.682554595010387
71,0.682554595010387
21,0.0
100,1.1255815063135945
127,1.6093172168007157
23,0.0
51,0.7471720943315961
131,1.5689158898784004
147,1.3708004117760964
52,0.7397003733882802
23,0.0
23,0.0
120,1.0886787201941712
162,1.3900923589049654
21,0.0
23,0.0
103,1.2420107539318035
84,1.2888571702984495
23,0.0
23,0.0
98,1.1484353701801802
100,1.252057983118666
21,0.0
131,1.6640583743720843
53,0.7397003733882802
71,0.6757290490602831
21,0.0
52,0.7397003733882802
184,1.567076735721141
51,0.7471720943315961
23,0.0
23,0.0
23,0.0
23,0.0
69,0.6894490858690777
71,0.6757290490602831
23,0.0
122,1.0886787201941712
23,0.0
23,0.0
189,1.5252822164485758
23,0.0
21,0.0
23,0.0
49,0.7547192872036325
190,1.5303325371310925
23,0.0
72,0.6689717585696803
148,1.4600964516293233
23,0.0
23,0.0
21,0.0
52,0.7323033696543974
23,0.0
51,0.7471720943315961
50,0.7547192872036325
102,1.1277726993267583
82,1.294328736722357
119,1.097063271215051
72,0.6757290490602831
51,0.7471720943315961
75,0.6622820409839835
74,0.6757290490602831
72,0.6689717585696803
23,0.0
74,0.6622820409839835
70,0.682554595010387
23,0.0
119,1.0996754749436073
150,1.3581730974027764
23,0.0
21,0.0
74,0.6622820409839835
53,0.7323033696543974
71,0.6757290490602831
73,0.6689717585696803
169,1.6481061729611421
119,1.0928499289935034
23,0.0
96,1.1787877370052764
23,0.0
51,0.7547192872036325
51,0.7471720943315961
116,1.687039765080162
21,0.0
71,0.6757290490602831
68,0.6964132180495735
23,0.0
69,0.6894490858690777
100,1.1255815063135945
23,0.0
51,0.7471720943315961
53,0.7397003733882802
23,0.0
72,0.6689717585696803
74,0.6622820409839835
116,1.126302231573467
23,0.0
119,1.1065699658022983
50,0.7547192872036325
21,0.0
74,0.6622820409839835
171,1.3437354325222823
189,1.529495558670124
51,0.7471720943315961
97,1.1553298610388714
23,0.0
119,1.1065699658022983
150,1.5637190645678083
100,1.150671053287173
189,1.5279365535993477
104,1.1075892603795912
99,1.1437765624284826
23,0.0
23,0.0
23,0.0
120,1.0860926385029004
152,1.5444151896008245
23,0.0
23,0.0
193,1.7973989212653305
23,0.0
23,0.0
190,1.5251712357955731
55,0.7323033696543974
44,0.7249803359578534
119,1.0996754749436073
75,0.6622820409839835
23,0.0
154,1.874317873380749
51,0.7471720943315961
23,0.0
122,1.0845492234828324
130,1.493084261937773
23,0.0
55,0.7249803359578534
183,1.954872191845579
23,0.0
174,1.550865527877411
23,0.0
23,0.0
23,0.0
23,0.0
23,0.0
70,0.682554595010387
118,1.1081447183990414
172,1.3362400684678664
23,0.0
23,0.0
80,1.3074027643660173
71,0.6757290490602831
23,0.0
51,0.7471720943315961
86,1.2578998571799591
23,0.0
72,0.6689717585696803
21,0.0
21,0.0
170,1.3410023991992095
116,1.687039765080162
23,0.0
21,0.0
23,0.0
102,1.2271420292546045
69,0.6894490858690777
23,0.0
23,0.0
23,0.0
72,0.6689717585696803
23,0.0
23,0.0
51,0.7471720943315961
53,0.7397003733882802
69,0.6894490858690777
170,1.7733281569823358
23,0.0
23,0.0
21,0.0
122,1.0886787201941712
124,1.0913747694329363
51,0.7471720943315961
23,0.0
23,0.0
71,0.6757290490602831
21,0.0
172,1.3210424171418718
74,0.6622820409839835
23,0.0
23,0.0
51,0.7471720943315961
150,1.4264744347644607
69,0.6894490858690777
21,0.0
218,1.6483623623635766
72,0.6757290490602831
75,0.6689717585696803
70,0.682554595010387
74,0.6757290490602831
119,1.097063271215051
120,1.0928499289935034
152,1.3404106710332144
108,1.0878721643726381
51,0.7471720943315961
23,0.0
169,1.3545478779789994
120,1.0886787201941712
103,1.1120197401958531
77,0.6622820409839835
119,1.1107833080238458
50,0.7547192872036325
119,1.0928499289935034
71,0.682554595010387
123,1.069656411521221
72,0.6689717585696803
151,1.8668018235646633
23,0.0
51,0.7471720943315961
74,0.6622820409839835
53,0.7323033696543974
23,0.0
69,0.6894490858690777
51,0.7471720943315961
122,1.0777919329922294
116,1.1193380993929711
102,1.2271420292546045
73,0.6689717585696803
21,0.0
23,0.0
23,0.0
71,0.6757290490602831
71,0.682554595010387
148,1.3705394157346347
104,1.1075892603795912
169,1.6871839308926309
49,0.7547192872036325
23,0.0
72,0.6757290490602831
23,0.0
23,0.0
23,0.0
51,0.7471720943315961
101,1.2395374032874793
103,1.2295906463924855
184,1.567076735721141
23,0.0
67,0.7034476949995692
72,0.6757290490602831
51,0.7471720943315961
117,1.648104991502995
23,0.0
23,0.0
53,0.7323033696543974
23,0.0
72,0.6689717585696803
200,2.2342943310355756
51,0.7471720943315961
21,0.0
53,0.7397003733882802
51,0.7471720943315961
120,1.1107833080238458
119,1.0928499289935034
121,1.0913747694329363
75,0.6689717585696803
70,0.682554595010387
129,1.5000483941182687
23,0.0
21,0.0
75,0.6556592205741436
170,1.3410023991992095
74,0.6622820409839835
51,0.7471720943315961
72,0.6757290490602831
21,0.0
23,0.0
178,2.0225161813031955
23,0.0
148,1.3996081357448047
23,0.0
23,0.0
150,1.5637190645678083
98,1.2698564046274354
23,0.0
149,1.371892017578562
100,1.252057983118666
212,1.7231228463197255
84,1.275968598595465
53,0.7397003733882802
23,0.0
23,0.0
100,1.252057983118666
53,0.7397003733882802
23,0.0
21,0.0
150,1.5637190645678083
100,1.150671053287173
21,0.0
71,0.6757290490602831
23,0.0
51,0.7471720943315961
121,1.102398757002966
183,1.564748280483293
71,0.682554595010387
23,0.0
23,0.0
23,0.0
212,1.6554513971262348
73,0.6757290490602831
23,0.0
23,0.0
189,1.51597582835101
72,0.6757290490602831
99,1.1622939932193666
74,0.6622820409839835
169,1.6871839308926309
72,0.682554595010387
21,0.0
71,0.682554595010387
72,0.6757290490602831
118,1.1107833080238458
101,1.121015408836156
82,1.294328736722357
53,0.7397003733882802
21,0.0
71,0.6757290490602831
118,1.097063271215051
51,0.7471720943315961
23,0.0
23,0.0
117,1.1013191724489382
23,0.0
72,0.6757290490602831
151,1.5600153430311359
74,0.6757290490602831
129,1.5898123840175677
23,0.0
100,1.150671053287173
124,1.087286567688711
72,0.6757290490602831
190,1.865580649934949
178,1.5556103114630735
21,0.0
77,0.6556592205741436
193,1.5092408862163902
23,0.0
23,0.0
21,0.0
51,0.7471720943315961
23,0.0
168,1.368230179776767
72,0.6689717585696803
72,0.6689717585696803
136,1.4233190864292997
51,0.7471720943315961
98,1.1484353701801802
169,1.6724825405504329
21,0.0
101,1.1277726993267583
56,0.7177305325982748
168,1.375124670635458
103,1.2370623673358012
23,0.0
23,0.0
23,0.0
169,1.778593512273888
23,0.0
84,1.275968598595465
133,1.4817041416081875
23,0.0
23,0.0
154,1.8845539527358102
51,0.7471720943315961
23,0.0
51,0.7471720943315961
150,1.5637190645678083
132,1.4817041416081875
21,0.0
72,0.682554595010387
21,0.0
99,1.1369510164783783
193,1.520039962291646
72,0.6757290490602831
21,0.0
51,0.7471720943315961
70,0.682554595010387
21,0.0
82,1.3018759295943934
51,0.7471720943315961
84,1.275968598595465
53,0.7323033696543974
23,0.0
98,1.1553298610388714
51,0.7471720943315961
72,0.6689717585696803
169,1.778593512273888
53,0.7397003733882802
69,0.6894490858690777
23,0.0
102,1.1164949723334907
132,1.5763876108217165
21,0.0
23,0.0
104,1.2295906463924855
23,0.0
121,1.0777919329922294
147,1.4818090328161755
102,1.1300778087741976
23,0.0
71,0.6894490858690777
71,0.6757290490602831
51,0.7471720943315961
100,1.259605175990702
21,0.0
173,1.590028632218832
101,1.121015408836156
23,0.0
192,1.479958090596473
23,0.0
23,0.0
100,1.252057983118666
155,1.7348849666355386
127,1.072406855482308
119,1.0996754749436073
72,0.6757290490602831
132,1.5763876108217165
170,1.6505235259615219
74,0.6622820409839835
102,1.1120197401958531
23,0.0
23,0.0
152,1.3444579907599976
175,1.6007298014365243
23,0.0
23,0.0
148,1.4600964516293233
100,1.1391643427543012
114,1.6910065431443824
74,0.6689717585696803
121,1.0845492234828324
23,0.0
120,1.0996754749436073
153,1.337703128438095
72,0.6757290490602831
23,0.0
118,1.097063271215051
21,0.0
21,0.0
72,0.6757290490602831
101,1.121015408836156
23,0.0
119,1.0860926385029004
74,0.6622820409839835
148,1.5637190645678083
75,0.6622820409839835
150,1.5637190645678083
100,1.150671053287173
80,1.3074027643660173
74,0.6622820409839835
72,0.6757290490602831
150,1.3731646259658237
118,1.097063271215051
51,0.7471720943315961
173,1.298760519570265
148,1.5543465764684314
150,1.5637190645678083
23,0.0
23,0.0
53,0.7397003733882802
98,1.1437765624284826
172,1.3251306188860983
52,0.7397003733882802
54,0.7323033696543974
21,0.0
104,1.0942767223840544
170,1.601156364571781
72,0.682554595010387
123,1.0737037312480042
73,0.6689717585696803
74,0.6622820409839835
152,1.3444579907599976
51,0.7547192872036325
50,0.7547192872036325
23,0.0
23,0.0
119,1.0996754749436073
23,0.0
74,0.6689717585696803
21,0.0
23,0.0
171,1.3384533015922466
70,0.682554595010387
115,1.6612826232193874
124,1.056343873525684
72,0.6757290490602831
129,1.5932240446327086
168,1.3545478779789994
102,1.234539032988487
23,0.0
23,0.0
119,1.097063271215051
23,0.0
70,0.682554595010387
51,0.7471720943315961
52,0.7397003733882802
23,0.0
132,1.471327873368291
72,0.682554595010387
101,1.1345982452768628
75,0.6622820409839835
71,0.6757290490602831
101,1.247009124230795
51,0.7471720943315961
73,0.6689717585696803
74,0.6689717585696803
170,1.776444767796828
23,0.0
49,0.7547192872036325
191,1.5396498025385792
23,0.0
172,1.5757331732846884
100,1.252057983118666
99,1.1622939932193666
23,0.0
84,1.283440319538781
23,0.0
129,1.5932240446327086
185,1.5453860392718177
53,0.7397003733882802
53,0.7397003733882802
150,1.3828216335015067
53,0.7323033696543974
171,1.7202519314273153
51,0.7471720943315961
74,0.6689717585696803
190,1.501618817926947
75,0.6556592205741436
23,0.0
51,0.7471720943315961
76,0.6556592205741436
119,1.097063271215051
69,0.6894490858690777
51,0.7471720943315961
23,0.0
21,0.0
23,0.0
101,1.1345982452768628
23,0.0
72,0.6689717585696803
21,0.0
23,0.0
137,1.9884957828406231
23,0.0
120,1.0996754749436073
23,0.0
23,0.0
80,1.3074027643660173
23,0.0
121,1.0928499289935034
125,1.0737037312480042
53,0.7323033696543974
69,0.6894490858690777
86,1.2453208586081594
73,0.6689717585696803
50,0.7547192872036325
23,0.0
23,0.0
23,0.0
190,1.5251712357955731
72,0.6757290490602831
122,1.0777919329922294
23,0.0
23,0.0
23,0.0
23,0.0
23,0.0
23,0.0
170,1.3545852356399162
98,1.2698564046274354
74,0.6689717585696803
189,1.5277203334025358
147,1.377557702266699
23,0.0
21,0.0
75,0.6689717585696803
23,0.0
146,1.3889027818158024
101,1.1277726993267583
134,1.447697792687519
77,0.6556592205741436
170,1.601156364571781
124,1.0670140136623072
21,0.0
23,0.0
23,0.0
23,0.0
190,1.5251712357955731
152,1.3337209534475178
23,0.0
70,0.682554595010387
122,1.0737037312480042
174,1.2947536730407483
102,1.2420107539318035
194,1.4914793886078495
122,1.0777919329922294
53,0.7323033696543974
23,0.0
170,1.3343862799412847
172,1.6364784037173778
73,0.6689717585696803
23,0.0
23,0.0
152,1.861701966102168
23,0.0
146,1.4026228186245966
23,0.0
96,1.1669998596352236
23,0.0
23,0.0
50,0.7471720943315961
23,0.0
100,1.252057983118666
123,1.080461021738607
23,0.0
21,0.0
149,1.4546033042476434
51,0.7471720943315961
23,0.0
72,0.682554595010387
73,0.6689717585696803
135,1.4705043634764183
23,0.0
185,1.5932378452519216
197,1.7304735288456257
51,0.7471720943315961
23,0.0
150,1.3540436006914383
23,0.0
23,0.0
21,0.0
72,0.6689717585696803
23,0.0
23,0.0
84,1.2888571702984495
69,0.6894490858690777
23,0.0
72,0.6689717585696803
238,1.755512413114202
84,1.2888571702984495
68,0.6964132180495735
131,1.5615188861445177
53,0.7397003733882802
21,0.0
71,0.6757290490602831
23,0.0
119,1.097063271215051
150,1.5637190645678083
53,0.7397003733882802
53,0.7397003733882802
23,0.0
123,1.0737037312480042
69,0.6894490858690777
113,1.695013389673898
195,1.4579208299914117
52,0.7471720943315961
169,1.3452105920828497
169,1.3301525960815757
23,0.0
119,1.6644874376433303
21,0.0
118,1.1081447183990414
23,0.0
100,1.252057983118666
23,0.0
21,0.0
117,1.1193380993929711
98,1.2698564046274354
23,0.0
23,0.0
21,0.0
189,1.529495558670124
21,0.0
72,0.6757290490602831
175,1.3335440192291006
77,0.6556592205741436
98,1.1553298610388714
100,1.252057983118666
23,0.0
87,1.265296860913842
23,0.0
133,1.5680954556568152
122,1.0886787201941712
52,0.7397003733882802
75,0.6622820409839835
23,0.0
191,1.5191502578650047
23,0.0
75,0.6622820409839835
74,0.6757290490602831
23,0.0
23,0.0
151,1.9372178633934702
121,1.0928499289935034
51,0.7471720943315961
75,0.6689717585696803
190,1.5345458793526396
134,1.4409405021969162
72,0.6757290490602831
21,0.0
76,0.6556592205741436
23,0.0
23,0.0
187,1.5228929288615598
51,0.7471720943315961
171,1.314352699556175
170,1.776444767796828
100,1.150671053287173
122,1.0777919329922294
188,1.5187746677738525
23,0.0
98,1.1484353701801802
71,0.682554595010387
21,0.0
175,1.5274347482544026
173,1.2972023260310983
23,0.0
70,0.682554595010387
188,1.5483912961603346
50,0.7547192872036325
51,0.7471720943315961
23,0.0
23,0.0
149,1.44549548711303
51,0.7471720943315961
23,0.0
23,0.0
70,0.682554595010387
129,1.5932240446327086
23,0.0
23,0.0
72,0.6689717585696803
135,1.4409405021969162
23,0.0
177,2.066065247271947
23,0.0
147,1.3997469825309277
73,0.6689717585696803
103,1.1187770306864557
101,1.1277726993267583
49,0.7547192872036325
151,1.9241438357498102
23,0.0
21,0.0
167,1.3820888028159537
23,0.0
150,1.5637190645678083
51,0.7471720943315961
70,0.682554595010387
74,0.6689717585696803
23,0.0
23,0.0
101,1.121015408836156
23,0.0
72,0.6689717585696803
102,1.1098052547477943
23,0.0
98,1.1553298610388714
137,1.9873931305435897
23,0.0
52,0.7397003733882802
174,1.3185690302829338
21,0.0
23,0.0
100,1.252057983118666
70,0.682554595010387
23,0.0
100,1.1323387968041978
121,1.0819214297035684
23,0.0
23,0.0
23,0.0
151,1.4234198445051771
72,0.6757290490602831
154,1.7490315131986254
101,1.1277726993267583
53,0.7323033696543974
53,0.7397003733882802
23,0.0
100,1.1323387968041978
52,0.7397003733882802
168,1.780763961240616
23,0.0
49,0.7547192872036325
23,0.0
23,0.0
170,1.7723914567530508
23,0.0
23,0.0
23,0.0
23,0.0
84,1.2632089126095103
69,0.6894490858690777
73,0.6689717585696803
122,1.0670140136623072
23,0.0
70,0.682554595010387
50,0.7547192872036325
70,0.682554595010387
124,1.056343873525684
49,0.7547192872036325
23,0.0
98,1.1693284701693631
212,1.6729548176420312
52,0.7397003733882802
74,0.6622820409839835
145,1.4098265937029355
23,0.0
21,0.0
134,1.4409405021969162
23,0.0
23,0.0
189,1.5405770058541144
123,1.0913747694329363
51,0.7471720943315961
21,0.0
172,1.3185690302829338
23,0.0
69,0.6894490858690777
70,0.682554595010387
69,0.6894490858690777
119,1.1065699658022983
23,0.0
67,0.7034476949995692
73,0.6689717585696803
126,1.072406855482308
23,0.0
168,1.3613734239291035
23,0.0
153,1.8412938370820908
23,0.0
119,1.097063271215051
23,0.0
74,0.6622820409839835
21,0.0
72,0.6757290490602831
51,0.7471720943315961
131,1.6716055672441208
72,0.6689717585696803
69,0.6894490858690777
53,0.7397003733882802
23,0.0
70,0.682554595010387
132,1.5830910714396804
73,0.6689717585696803
51,0.7471720943315961
23,0.0
151,1.9241438357498102
23,0.0
147,1.4967768008244198
50,0.7547192872036325
86,1.2578998571799591
53,0.7397003733882802
49,0.7547192872036325
120,1.1065699658022983
23,0.0
115,1.6815681986562545
23,0.0
49,0.7547192872036325
98,1.1553298610388714
82,1.294328736722357
100,1.252057983118666
53,0.7397003733882802
71,0.6757290490602831
89,1.2600408960385867
69,0.6894490858690777
51,0.7471720943315961
68,0.6964132180495735
102,1.121015408836156
54,0.7323033696543974
55,0.7323033696543974
72,0.6689717585696803
23,0.0
127,1.6093172168007157
102,1.2420107539318035
53,0.7397003733882802
150,1.5505552245664542
165,1.3597758584652797
54,0.7323033696543974
23,0.0
51,0.7471720943315961
213,1.6675763717575955
23,0.0
72,0.6757290490602831
21,0.0
173,1.3385157766526246
84,1.283440319538781
119,1.097063271215051
72,0.6757290490602831
75,0.6689717585696803
96,1.1787877370052764
23,0.0
23,0.0
114,1.1350307198594847
23,0.0
194,1.951846250912123
101,1.121015408836156
67,0.7034476949995692
72,0.6689717585696803
70,0.6894490858690777
23,0.0
204,2.191144293405847
188,1.529650219352163
103,1.1232522628240942
21,0.0
23,0.0
23,0.0
72,0.6689717585696803
117,1.1220033414382282
103,1.2370623673358012
21,0.0
168,1.3794235607706973
23,0.0
23,0.0
73,0.6689717585696803
74,0.6689717585696803
170,1.7723914567530508
68,0.6964132180495735
71,0.6757290490602831
23,0.0
21,0.0
177,2.0495970179102954
21,0.0
52,0.7397003733882802
21,0.0
69,0.6894490858690777
184,1.567076735721141
51,0.7471720943315961
23,0.0
23,0.0
127,1.0549930693417884
144,1.4127608209181874
72,0.682554595010387
100,1.1255815063135945
50,0.7471720943315961
23,0.0
154,1.704409160246516
23,0.0
53,0.7397003733882802
69,0.6894490858690777
119,1.0928499289935034
100,1.252057983118666
21,0.0
166,1.3597758584652797
23,0.0
74,0.6622820409839835
101,1.232140399553596
172,1.3251306188860983
21,0.0
23,0.0
23,0.0
122,1.0845492234828324
23,0.0
23,0.0
100,1.252057983118666
21,0.0
189,1.5390022532573713
68,0.6964132180495735
23,0.0
23,0.0
21,0.0
173,1.752907651335586
21,0.0
103,1.234539032988487
53,0.7397003733882802
23,0.0
153,1.9061389488552563
103,1.105330022610156
23,0.0
53,0.7397003733882802
23,0.0
101,1.247009124230795
120,1.0928499289935034
23,0.0
51,0.7471720943315961
23,0.0
70,0.682554595010387
70,0.682554595010387
82,1.294328736722357
54,0.7323033696543974
23,0.0
170,1.3699489699540415
100,1.252057983118666
23,0.0
23,0.0
23,0.0
119,1.1065699658022983
73,0.6689717585696803
135,1.4489737738915496
121,1.0711022154065328
74,0.6689717585696803
72,0.6689717585696803
21,0.0
51,0.7471720943315961
114,1.1350307198594847
171,1.3318879093767009
23,0.0
71,0.6757290490602831
122,1.0777919329922294
72,0.6757290490602831
21,0.0
217,1.9585595465835828
23,0.0
52,0.7397003733882802
23,0.0
74,0.6689717585696803
147,1.4632445433611314
117,1.1081447183990414
106,1.0898905473659557
23,0.0
23,0.0
117,1.1013191724489382
21,0.0
101,1.1277726993267583
51,0.7471720943315961
23,0.0
98,1.1553298610388714
21,0.0
72,0.682554595010387
74,0.6689717585696803
23,0.0
116,1.1193380993929711
53,0.7323033696543974
55,0.7249803359578534
23,0.0
153,1.3350226612689262
23,0.0
131,1.581385981120708
23,0.0
102,1.1277726993267583
72,0.682554595010387
236,1.812940586741519
23,0.0
23,0.0
21,0.0
126,1.069656411521221
169,1.778593512273888
23,0.0
52,0.7397003733882802
23,0.0
51,0.7471720943315961
118,1.1150392092577324
100,1.1323387968041978
102,1.234539032988487
54,0.7323033696543974
23,0.0
84,1.2888571702984495
100,1.150671053287173
51,0.7471720943315961
155,1.3594214863498102
72,0.6757290490602831
190,1.4992880891976328
117,1.1220033414382282
51,0.7471720943315961
74,0.6689717585696803
23,0.0
86,1.2578998571799591
23,0.0
71,0.6757290490602831
50,0.7547192872036325
23,0.0
23,0.0
119,1.0860926385029004
135,1.4342507846112196
23,0.0
23,0.0
152,1.8472969907815164
122,1.0886787201941712
105,1.114346550870194
77,0.6556592205741436
23,0.0
145,1.3986332127090055
23,0.0
23,0.0
51,0.7471720943315961
23,0.0
132,1.5763876108217165
23,0.0
52,0.7397003733882802
53,0.7397003733882802
23,0.0
23,0.0
120,1.0928499289935034
23,0.0
74,0.6689717585696803
21,0.0
212,1.675567021370588
123,1.0737037312480042
77,0.6556592205741436
23,0.0
23,0.0
152,1.7296151780735889
74,0.6622820409839835
71,0.682554595010387
72,0.6757290490602831
23,0.0
131,1.5615188861445177
23,0.0
102,1.1164949723334907
71,0.6757290490602831
103,1.1075892603795912
169,1.3519730319113603
23,0.0
21,0.0
68,0.6964132180495735
72,0.6757290490602831
71,0.6757290490602831
51,0.7471720943315961
23,0.0
84,1.275968598595465
104,1.2246917436624432
172,1.5839133851109881
72,0.6757290490602831
74,0.6757290490602831
104,1.1075892603795912
23,0.0
159,1.6946348752347633
21,0.0
23,0.0
21,0.0
96,1.1717532600552802
119,1.0996754749436073
51,0.7471720943315961
102,1.1187770306864557
72,0.6689717585696803
23,0.0
153,1.541391145244135
147,1.3954910812970416
53,0.7397003733882802
21,0.0
23,0.0
53,0.7323033696543974
99,1.264705033453198
21,0.0
103,1.2370623673358012
23,0.0
115,1.6910065431443824
53,0.7397003733882802
21,0.0
54,0.7323033696543974
23,0.0
167,1.6178704820754786
52,0.7397003733882802
74,0.6622820409839835
21,0.0
141,1.434147047271211
84,1.283440319538781
149,1.5505552245664542
52,0.7397003733882802
49,0.7547192872036325
100,1.150671053287173
152,1.3594329797061655
21,0.0
23,0.0
72,0.6757290490602831
21,0.0
131,1.6640583743720843
149,1.4818090328161755
53,0.7397003733882802
23,0.0
86,1.2856248301587458
23,0.0
167,1.3820506866431992
23,0.0
51,0.7471720943315961
23,0.0
130,1.5698948004524973
83,1.2888571702984495
23,0.0
23,0.0
23,0.0
150,1.3733149389142596
23,0.0
21,0.0
23,0.0
74,0.6622820409839835
149,1.5406848701882474
72,0.6689717585696803
96,1.1669998596352236
72,0.6689717585696803
74,0.6622820409839835
23,0.0
154,1.7270660804666265
74,0.6622820409839835
71,0.682554595010387
103,1.1232522628240942
23,0.0
82,1.294328736722357
190,1.5235069911809886
23,0.0
105,1.2198418299597018
151,1.9241438357498102
84,1.275968598595465
54,0.7323033696543974
23,0.0
21,0.0
117,1.1081447183990414
73,0.6689717585696803
174,1.5421117349205409
176,1.3096488911053559
75,0.6622820409839835
170,1.7702427122759887
52,0.7397003733882802
102,1.234539032988487
68,0.6964132180495735
23,0.0
100,1.252057983118666
100,1.150671053287173
100,1.1391643427543012
50,0.7547192872036325
23,0.0
228,2.36907786369465
23,0.0
74,0.6689717585696803
23,0.0
23,0.0
190,1.5251712357955731
121,1.0845492234828324
23,0.0
49,0.7547192872036325
23,0.0
120,1.0886787201941712
135,1.463609872617727
74,0.6689717585696803
75,0.6622820409839835
23,0.0
168,1.3545852356399162
52,0.7397003733882802
21,0.0
23,0.0
102,1.2420107539318035
115,1.6815681986562545
51,0.7471720943315961
150,1.3787175635286666
23,0.0
23,0.0
149,1.5505552245664542
53,0.7397003733882802
23,0.0
23,0.0
23,0.0
23,0.0
214,1.6658011464900089
123,1.0629666939355242
74,0.6757290490602831
77,0.6556592205741436
137,1.9779547860554625
51,0.7471720943315961
72,0.682554595010387
124,1.0913747694329363
21,0.0
101,1.247009124230795
71,0.6757290490602831
135,1.450027036177021
21,0.0
50,0.7471720943315961
177,2.0240769141725496
117,1.664752516669692
23,0.0
55,0.7323033696543974
117,1.126302231573467
23,0.0
172,1.7650608649844153
170,1.342686985451956
72,0.682554595010387
83,1.2888571702984495
102,1.2420107539318035
102,1.234539032988487
88,1.265296860913842
54,0.7323033696543974
21,0.0
23,0.0
23,0.0
23,0.0
84,1.2888571702984495
150,1.3540436006914383
173,1.5625360624261988
54,0.7323033696543974
56,0.7249803359578534
82,1.294328736722357
21,0.0
51,0.7471720943315961
101,1.2395374032874793
123,1.069656411521221
21,0.0
23,0.0
241,2.1883655198697958
23,0.0
100,1.150671053287173
71,0.682554595010387
72,0.6757290490602831
72,0.6689717585696803
118,1.1081447183990414
151,1.5474697798601076
191,1.4891010003122611
23,0.0
119,1.0860926385029004
82,1.294328736722357
68,0.6964132180495735
50,0.7547192872036325
23,0.0
100,1.252057983118666
52,0.7397003733882802
103,1.2295906463924855
71,0.6757290490602831
50,0.7547192872036325
118,1.1081447183990414
21,0.0
23,0.0
23,0.0
86,1.278077637286709
84,1.2888571702984495
101,1.2395374032874793
122,1.0777919329922294
23,0.0
23,0.0
72,0.6689717585696803
102,1.1120197401958531
174,1.5401284905649315
50,0.7471720943315961
23,0.0
98,1.1484353701801802
124,1.069656411521221
23,0.0
149,1.4546033042476434
72,0.6689717585696803
23,0.0
84,1.2964043631704858
21,0.0
166,1.7086775974330146
53,0.7397003733882802
116,1.1193380993929711
69,0.6894490858690777
102,1.2271420292546045
72,0.682554595010387
23,0.0
147,1.4632445433611314
52,0.7397003733882802
23,0.0
72,0.6689717585696803
178,1.6097781597350334
102,1.2420107539318035
68,0.6964132180495735
53,0.7397003733882802
153,1.533919424300819
21,0.0
51,0.7471720943315961
147,1.4701390342198237
53,0.7397003733882802
21,0.0
121,1.0777919329922294
69,0.6894490858690777
69,0.6894490858690777
23,0.0
72,0.6757290490602831
23,0.0
101,1.247009124230795
53,0.7397003733882802
104,1.2172947399285607
23,0.0
96,1.1787877370052764
167,1.6893763035862959
74,0.6622820409839835
72,0.6757290490602831
75,0.6689717585696803
121,1.0845492234828324
169,1.6871839308926309
21,0.0
21,0.0
21,0.0
23,0.0
82,1.294328736722357
23,0.0
102,1.1277726993267583
23,0.0
49,0.7547192872036325
151,1.9241438357498102
21,0.0
23,0.0
53,0.7397003733882802
21,0.0
23,0.0
169,1.7527313965620634
23,0.0
49,0.7547192872036325
107,1.2051217925292752
23,0.0
150,1.3540436006914383
101,1.2545563171028318
23,0.0
23,0.0
69,0.6894490858690777
23,0.0
72,0.6689717585696803
23,0.0
194,1.487391186863624
23,0.0
86,1.278077637286709
52,0.7323033696543974
72,0.6689717585696803
23,0.0
132,1.452048497157169
21,0.0
135,1.6332384519917822
123,1.0737037312480042
69,0.6894490858690777
51,0.7471720943315961
84,1.275968598595465
54,0.7323033696543974
23,0.0
55,0.7323033696543974
23,0.0
190,1.507505787653196
23,0.0
122,1.0777919329922294
23,0.0
100,1.1277726993267583
69,0.6894490858690777
72,0.6757290490602831
82,1.294328736722357
113,1.695013389673898
117,1.673753249191934
119,1.1107833080238458
103,1.1187770306864557
75,0.6689717585696803
71,0.682554595010387
51,0.7471720943315961
84,1.275968598595465
100,1.1323387968041978
21,0.0
54,0.7323033696543974
84,1.283440319538781
170,1.6658011921852147
51,0.7471720943315961
52,0.7471720943315961
23,0.0
147,1.381771044488247
51,0.7471720943315961
50,0.7547192872036325
101,1.1277726993267583
23,0.0
84,1.2888571702984495
82,1.3018759295943934
21,0.0
119,1.1107833080238458
171,1.3359296949613535
98,1.1553298610388714
68,0.6964132180495735
23,0.0
23,0.0
121,1.0711022154065328
23,0.0
189,1.5457904415465582
21,0.0
152,1.912374118335628
73,0.6757290490602831
119,1.103888817165155
23,0.0
194,1.4807014692779261
192,1.4677297569206844
77,0.6556592205741436
151,1.9241438357498102
53,0.7397003733882802
23,0.0
23,0.0
23,0.0
150,1.4264744347644607
168,1.386522425152173
51,0.7471720943315961
72,0.6757290490602831
23,0.0
129,1.4964959225529133
96,1.1787877370052764
130,1.4884254541860753
51,0.7471720943315961
104,1.2295906463924855
149,1.3651347270879592
122,1.0886787201941712
181,2.0515771366454447
74,0.6689717585696803
23,0.0
131,1.581385981120708
101,1.150671053287173
72,0.682554595010387
71,0.682554595010387
72,0.6757290490602831
100,1.252057983118666
155,1.8784680991944067
70,0.682554595010387
50,0.7547192872036325
54,0.7323033696543974
149,1.5637190645678083
117,1.664752516669692
23,0.0
96,1.1787877370052764
23,0.0
196,1.9266162664279174
53,0.7397003733882802
50,0.7471720943315961
54,0.7323033696543974
23,0.0
171,1.5824904637752912
124,1.0656495649917055
69,0.6964132180495735
125,1.069656411521221
21,0.0
217,1.974815509919419
74,0.6622820409839835
69,0.6894490858690777
77,0.6556592205741436
78,0.6491026283684022
51,0.7471720943315961
86,1.265296860913842
122,1.0886787201941712
67,0.7034476949995692
23,0.0
173,1.5666655591375382
169,1.3301525960815757
23,0.0
102,1.2420107539318035
23,0.0
166,1.3820506866431992
150,1.3581730974027764
23,0.0
101,1.121015408836156
84,1.2888571702984495
149,1.3651347270879592
84,1.2888571702984495
53,0.7397003733882802
72,0.6757290490602831
21,0.0
146,1.4026228186245966
104,1.1075892603795912
74,0.6622820409839835
23,0.0
72,0.6757290490602831
188,1.550046342780444
75,0.6622820409839835
23,0.0
23,0.0
100,1.1391643427543012
170,1.3342820927929144
97,1.1669998596352236
23,0.0
70,0.6894490858690777
23,0.0
149,1.5356864998892552
23,0.0
72,0.6689717585696803
74,0.6622820409839835
21,0.0
119,1.0860926385029004
73,0.6689717585696803
49,0.7547192872036325
200,1.7860870737091106
23,0.0
166,1.3708573056492697
124,1.0737037312480042
75,0.6556592205741436
51,0.7471720943315961
23,0.0
51,0.7471720943315961
84,1.2888571702984495
119,1.1065699658022983
72,0.6757290490602831
72,0.6689717585696803
149,1.5637190645678083
173,1.734469695526454
23,0.0
23,0.0
23,0.0
121,1.0819214297035684
51,0.7471720943315961
52,0.7397003733882802
51,0.7471720943315961
123,1.0629666939355242
171,1.6034710381444293
21,0.0
23,0.0
23,0.0
23,0.0
98,1.1553298610388714
51,0.7471720943315961
23,0.0
23,0.0
53,0.7397003733882802
51,0.7471720943315961
202,2.0881188105731576
23,0.0
23,0.0
23,0.0
23,0.0
168,1.375124670635458
117,1.1013191724489382
21,0.0
23,0.0
152,1.7296151780735889
23,0.0
72,0.682554595010387
100,1.1391643427543012
72,0.6757290490602831
69,0.6894490858690777
72,0.6689717585696803
84,1.2888571702984495
82,1.294328736722357
73,0.6689717585696803
72,0.6689717585696803
70,0.682554595010387
70,0.682554595010387
99,1.1437765624284826
75,0.6556592205741436
101,1.121015408836156
172,1.643830171451792
72,0.6757290490602831
23,0.0
23,0.0
51,0.7471720943315961
52,0.7397003733882802
23,0.0
21,0.0
53,0.7397003733882802
240,1.7726772748154163
72,0.6689717585696803
23,0.0
23,0.0
23,0.0
69,0.6894490858690777
72,0.6689717585696803
184,2.0695542996167546
23,0.0
123,1.0629666939355242
70,0.682554595010387
23,0.0
134,1.6512291881589467
171,1.3359296949613535
75,0.6622820409839835
151,1.9241438357498102
133,1.6512291881589467
101,1.2395374032874793
105,1.2246917436624432
53,0.7397003733882802
71,0.6757290490602831
102,1.1300778087741976
72,0.6689717585696803
52,0.7397003733882802
73,0.6689717585696803
190,1.8673381229498602
71,0.682554595010387
23,0.0
70,0.6894490858690777
23,0.0
116,1.1193380993929711
153,1.419638850223302
151,1.4188994080025121
23,0.0
21,0.0
170,1.3699489699540415
84,1.2888571702984495
69,0.6894490858690777
103,1.1345982452768628
117,1.133336708523463
100,1.252057983118666
53,0.7397003733882802
54,0.7323033696543974
23,0.0
165,1.7259369671040552
169,1.3656930687201558
82,1.294328736722357
68,0.6964132180495735
69,0.6894490858690777
23,0.0
166,1.6915908214586846
71,0.682554595010387
103,1.1232522628240942
72,0.6757290490602831
75,0.6689717585696803
102,1.2271420292546045
71,0.6757290490602831
21,0.0
72,0.6757290490602831
21,0.0
23,0.0
23,0.0
51,0.7471720943315961
153,1.737408573266432
23,0.0
150,1.5575170090469708
68,0.6964132180495735
86,1.265296860913842
53,0.7397003733882802
55,0.7323033696543974
148,1.3789239667555144
72,0.6757290490602831
21,0.0
74,0.6757290490602831
122,1.0913747694329363
167,1.3794235607706973
103,1.1256025766365596
51,0.7471720943315961
21,0.0
23,0.0
119,1.097063271215051
133,1.6458123373992772
68,0.6964132180495735
120,1.0886787201941712
23,0.0
119,1.097063271215051
72,0.6757290490602831
82,1.294328736722357
23,0.0
23,0.0
175,1.7487586513470639
23,0.0
53,0.7397003733882802
184,1.567076735721141
23,0.0
149,1.3733149389142596
72,0.6757290490602831
170,1.776444767796828
50,0.7547192872036325
23,0.0
23,0.0
129,1.5898123840175677
23,0.0
21,0.0
84,1.275968598595465
122,1.0737037312480042
72,0.6757290490602831
21,0.0
23,0.0
21,0.0
123,1.0737037312480042
103,1.105330022610156
82,1.294328736722357
23,0.0
23,0.0
23,0.0
116,1.1193380993929711
155,1.4144381303613716
74,0.6689717585696803
100,1.1391643427543012
99,1.1437765624284826
120,1.0955042661442753
72,0.6757290490602831
122,1.0845492234828324
23,0.0
150,1.5575170090469708
108,1.2150404153939873
106,1.2124448262258187
55,0.7323033696543974
52,0.7397003733882802
188,1.5348310444580384
23,0.0
72,0.6757290490602831
75,0.6689717585696803
74,0.6757290490602831
23,0.0
170,1.323540787706457
23,0.0
21,0.0
23,0.0
84,1.2888571702984495
23,0.0
23,0.0
98,1.2698564046274354
23,0.0
69,0.6894490858690777
169,1.3437354325222823
101,1.1277726993267583
75,0.6689717585696803
23,0.0
84,1.2888571702984495
118,1.097063271215051
101,1.247009124230795
73,0.6689717585696803
51,0.7471720943315961
156,1.7429213183962253
21,0.0
21,0.0
23,0.0
23,0.0
153,1.8312973715180265
53,0.7397003733882802
23,0.0
23,0.0
165,1.7259369671040552
132,1.5763876108217165
103,1.234539032988487
53,0.7397003733882802
119,1.103888817165155
55,0.7323033696543974
135,1.9974178253429191
69,0.6894490858690777
96,1.1669998596352236
23,0.0
23,0.0
98,1.1553298610388714
169,1.347864929233621
23,0.0
21,0.0
145,1.4929543346200709
171,1.6055781949012553
100,1.1391643427543012
23,0.0
23,0.0
200,1.715961860161589
86,1.2578998571799591
69,0.6894490858690777
23,0.0
140,1.9681295826826406
23,0.0
98,1.1553298610388714
97,1.1669998596352236
71,0.682554595010387
23,0.0
72,0.6757290490602831
23,0.0
21,0.0
23,0.0
51,0.7471720943315961
23,0.0
69,0.6894490858690777
121,1.0819214297035684
21,0.0
133,1.4442177297712946
23,0.0
191,1.5259628603876236
72,0.6757290490602831
23,0.0
74,0.6757290490602831
23,0.0
72,0.6689717585696803
102,1.2420107539318035
53,0.7397003733882802
118,1.1220033414382282
23,0.0
149,1.371892017578562
52,0.7397003733882802
105,1.098860772093574
168,1.3368311903998775
202,1.6981525888117692
86,1.2578998571799591
71,0.6757290490602831
185,1.5427174546303943
103,1.2420107539318035
69,0.6894490858690777
129,1.4964959225529133
51,0.7471720943315961
23,0.0
21,0.0
23,0.0
149,1.5505552245664542
103,1.2370623673358012
23,0.0
21,0.0
53,0.7471720943315961
150,1.5575170090469708
70,0.682554595010387
23,0.0
21,0.0
52,0.7397003733882802
23,0.0
228,2.201329494118529
101,1.121015408836156
50,0.7547192872036325
21,0.0
147,1.4701390342198237
23,0.0
51,0.7471720943315961
53,0.7397003733882802
21,0.0
23,0.0
129,1.5932240446327086
88,1.265296860913842
102,1.1277726993267583
67,0.7034476949995692
170,1.7654296722725336
103,1.234539032988487
53,0.7397003733882802
105,1.2246917436624432
55,0.7323033696543974
119,1.1065699658022983
163,1.3873848163098457
23,0.0
151,1.565064201919007
51,0.7471720943315961
190,1.5277203334025358
174,1.641322994778183
72,0.6757290490602831
75,0.6689717585696803
125,1.0549930693417884
84,1.283440319538781
167,1.350334535757452
74,0.6622820409839835
23,0.0
23,0.0
23,0.0
147,1.5668671562996175
71,0.6757290490602831
23,0.0
73,0.6689717585696803
117,1.673753249191934
53,0.7397003733882802
53,0.7397003733882802
101,1.1391643427543012
23,0.0
100,1.1323387968041978
72,0.6689717585696803
21,0.0
21,0.0
70,0.682554595010387
51,0.7471720943315961
117,1.6720346305153666
23,0.0
23,0.0
72,0.6757290490602831
190,1.5167866847746938
96,1.1717532600552802
21,0.0
23,0.0
23,0.0
69,0.6894490858690777
51,0.7471720943315961
173,1.717844559279108
21,0.0
70,0.682554595010387
23,0.0
70,0.682554595010387
122,1.0777919329922294
102,1.1098052547477943
23,0.0
72,0.6689717585696803
23,0.0
74,0.6622820409839835
50,0.7471720943315961
51,0.7471720943315961
176,2.1284872974960503
114,1.1350307198594847
102,1.234539032988487
23,0.0
158,1.5048783492954247
51,0.7471720943315961
21,0.0
84,1.275968598595465
52,0.7397003733882802
23,0.0
23,0.0
70,0.682554595010387
84,1.283440319538781
69,0.6894490858690777
100,1.1255815063135945
122,1.0777919329922294
72,0.6757290490602831
51,0.7471720943315961
21,0.0
121,1.0711022154065328
99,1.1369510164783783
21,0.0
120,1.0955042661442753
72,0.6757290490602831
75,0.6689717585696803
23,0.0
130,1.5763876108217165
23,0.0
53,0.7397003733882802
23,0.0
53,0.7323033696543974
131,1.4667156536941102
52,0.7397003733882802
84,1.2888571702984495
73,0.6689717585696803
23,0.0
23,0.0
69,0.6894490858690777
127,1.6093172168007157
74,0.6622820409839835
150,1.4377978227325021
121,1.0913747694329363
23,0.0
107,1.0855482340980374
49,0.7547192872036325
82,1.294328736722357
121,1.0777919329922294
178,2.106415975712746
54,0.7249803359578534
75,0.6622820409839835
71,0.6757290490602831
51,0.7471720943315961
154,1.8907012795453093
121,1.0913747694329363
70,0.682554595010387
169,1.778593512273888
131,1.485047910177086
23,0.0
70,0.682554595010387
177,1.3248791224770033
72,0.6689717585696803
84,1.2888571702984495
115,1.6686796269532695
69,0.6894490858690777
72,0.682554595010387
147,1.4701390342198237
23,0.0
23,0.0
72,0.6689717585696803
74,0.6622820409839835
212,1.6858294216619696
71,0.6757290490602831
219,1.6346969871818777
72,0.6689717585696803
75,0.6622820409839835
23,0.0
82,1.3074027643660173
149,1.4408832674388492
172,1.3210424171418718
23,0.0
101,1.121015408836156
54,0.7323033696543974
51,0.7471720943315961
169,1.3545852356399162
23,0.0
190,1.5126571880633541
72,0.6757290490602831
105,1.0965133677757952
23,0.0
23,0.0
70,0.682554595010387
123,1.0737037312480042
49,0.7547192872036325
72,0.6757290490602831
177,1.6140177839915468
119,1.1065699658022983
73,0.6689717585696803
72,0.6757290490602831
50,0.7471720943315961
152,1.3594329797061655
23,0.0
118,1.1150392092577324
151,1.351281084014446
23,0.0
52,0.7397003733882802
190,1.5414403702113297
51,0.7471720943315961
23,0.0
126,1.069656411521221
69,0.6894490858690777
98,1.1553298610388714
51,0.7471720943315961
123,1.0777919329922294
53,0.7397003733882802
121,1.102398757002966
193,1.5175415917270612
23,0.0
23,0.0
75,0.6622820409839835
23,0.0
23,0.0
199,2.287430006695836
84,1.275968598595465
149,1.3787175635286666
23,0.0
100,1.252057983118666
86,1.265296860913842
69,0.6894490858690777
54,0.7323033696543974
51,0.7471720943315961
70,0.682554595010387
72,0.6689717585696803
155,1.3913880371038583
71,0.6757290490602831
106,1.0855482340980374
100,1.1255815063135945
169,1.3794879482021776
84,1.2888571702984495
102,1.1164949723334907
55,0.7323033696543974
72,0.6689717585696803
114,1.1350307198594847
172,1.5579523293024704
154,1.5389177945998105
53,0.7397003733882802
23,0.0
100,1.1323387968041978
53,0.7397003733882802
23,0.0
69,0.6894490858690777
23,0.0
23,0.0
71,0.6757290490602831
196,1.712803596127372
75,0.6689717585696803
169,1.363143971113192
150,1.3567126894378152
21,0.0
75,0.6689717585696803
123,1.0764137020118238
176,2.055609533139212
21,0.0
117,1.664752516669692
55,0.7323033696543974
44,0.7249803359578534
188,1.5587392443654073
23,0.0
74,0.6622820409839835
126,1.069656411521221
119,1.1107833080238458
118,1.097063271215051
72,0.6689717585696803
51,0.7471720943315961
21,0.0
150,1.3473538831057412
51,0.7471720943315961
86,1.265296860913842
54,0.7323033696543974
50,0.7471720943315961
23,0.0
102,1.2420107539318035
117,1.664752516669692
153,1.5118252175381497
50,0.7547192872036325
70,0.682554595010387
100,1.1323387968041978
53,0.7397003733882802
23,0.0
23,0.0
52,0.7397003733882802
149,1.4477088133889524
51,0.7471720943315961
51,0.7471720943315961
23,0.0
70,0.6894490858690777
132,1.5763876108217165
23,0.0
133,1.557313403830289
23,0.0
54,0.7323033696543974
23,0.0
100,1.252057983118666
51,0.7471720943315961
71,0.6757290490602831
53,0.7397003733882802
169,1.341039383283517
99,1.264705033453198
100,1.252057983118666
148,1.374710624533967
77,0.6556592205741436
53,0.7323033696543974
102,1.2420107539318035
170,1.361479726498607
23,0.0
75,0.6689717585696803
199,1.9113709178291343
23,0.0
23,0.0
87,1.265296860913842
23,0.0
23,0.0
101,1.121015408836156
122,1.0886787201941712
73,0.6757290490602831
23,0.0
117,1.648104991502995
72,0.6689717585696803
147,1.5744143491716536
71,0.6757290490602831
23,0.0
190,1.530239308730765
133,1.4633718851252113
21,0.0
205,1.6982724270874985
122,1.0886787201941712
150,1.5575170090469708
53,0.7397003733882802
104,1.2172947399285607
23,0.0
55,0.7323033696543974
121,1.1065699658022983
21,0.0
150,1.560602453753317
76,0.6622820409839835
23,0.0
51,0.7471720943315961
50,0.7547192872036325
69,0.6894490858690777
23,0.0
23,0.0
71,0.6757290490602831
70,0.682554595010387
51,0.7471720943315961
74,0.6622820409839835
23,0.0
244,2.0532581137803154
23,0.0
53,0.7397003733882802
54,0.7323033696543974
145,1.395728327765906
176,2.1264438628785873
71,0.6757290490602831
52,0.7471720943315961
53,0.7397003733882802
54,0.7323033696543974
71,0.6757290490602831
71,0.682554595010387
132,1.4588057876477722
23,0.0
74,0.6622820409839835
86,1.2578998571799591
71,0.6757290490602831
51,0.7471720943315961
101,1.2395374032874793
121,1.0913747694329363
84,1.2888571702984495
144,1.4127608209181874
51,0.7471720943315961
21,0.0
23,0.0
170,1.7723914567530508
23,0.0
21,0.0
53,0.7397003733882802
52,0.7397003733882802
23,0.0
69,0.6894490858690777
114,1.1350307198594847
100,1.1255815063135945
152,1.8932503771522717
119,1.103888817165155
193,1.4890964611725201
82,1.294328736722357
125,1.080461021738607
23,0.0
168,1.780763961240616
53,0.7397003733882802
54,0.7323033696543974
55,0.7323033696543974
44,0.7249803359578534
193,1.5048395626687296
167,1.6551059812373399
23,0.0
148,1.374710624533967
74,0.6757290490602831
23,0.0
71,0.6757290490602831
51,0.7471720943315961
74,0.6622820409839835
75,0.6622820409839835
101,1.247009124230795
53,0.7397003733882802
54,0.7323033696543974
55,0.7323033696543974
44,0.7249803359578534
71,0.6757290490602831
81,1.3074027643660173
122,1.0777919329922294
51,0.7471720943315961
123,1.069656411521221
71,0.6757290490602831
129,1.5898123840175677
71,0.682554595010387
168,1.3461633269581195
50,0.7547192872036325
100,1.252057983118666
103,1.2295906463924855
176,1.7081675748798115
55,0.7323033696543974
44,0.7249803359578534
86,1.2578998571799591
55,0.7249803359578534
96,1.1717532600552802
55,0.7323033696543974
118,1.097063271215051
84,1.2888571702984495
21,0.0
84,1.2888571702984495
23,0.0
23,0.0
172,1.6213740214674595
121,1.0711022154065328
69,0.6894490858690777
23,0.0
23,0.0
53,0.7323033696543974
100,1.1323387968041978
51,0.7471720943315961
102,1.1345982452768628
21,0.0
102,1.2420107539318035
174,1.6577280500915488
23,0.0
23,0.0
23,0.0
189,1.5210997720256136
84,1.2888571702984495
74,0.6622820409839835
72,0.6757290490602831
23,0.0
100,1.1255815063135945
178,2.0200914013380857
53,0.7397003733882802
21,0.0
54,0.7323033696543974
23,0.0
23,0.0
71,0.6757290490602831
169,1.778593512273888
149,1.3501443039915915
23,0.0
71,0.6757290490602831
193,1.9474156688545785
122,1.102398757002966
21,0.0
51,0.7471720943315961
102,1.234539032988487
83,1.2813854493551335
21,0.0
23,0.0
69,0.6894490858690777
151,1.4188994080025121
72,0.6757290490602831
150,1.5637190645678083
23,0.0
86,1.2578998571799591
72,0.6689717585696803
98,1.1553298610388714
171,1.6542944816523413
75,0.6622820409839835
100,1.252057983118666
102,1.121015408836156
54,0.7323033696543974
87,1.2706059163433931
55,0.7323033696543974
115,1.6815681986562545
148,1.5795142066341499
52,0.7397003733882802
53,0.7397003733882802
124,1.0737037312480042
100,1.1323387968041978
100,1.252057983118666
21,0.0
23,0.0
23,0.0
51,0.7471720943315961
102,1.2420107539318035
120,1.0860926385029004
23,0.0
23,0.0
82,1.294328736722357
70,0.682554595010387
53,0.7397003733882802
54,0.7323033696543974
55,0.7323033696543974
122,1.0845492234828324
170,1.776444767796828
105,1.0965133677757952
23,0.0
121,1.102398757002966
71,0.6757290490602831
220,2.078729148182866
23,0.0
23,0.0
23,0.0
149,1.5505552245664542
168,1.3477596896898125
50,0.7547192872036325
74,0.6622820409839835
52,0.7471720943315961
148,1.3815361704840712
21,0.0
72,0.6757290490602831
51,0.7471720943315961
21,0.0
71,0.6757290490602831
171,1.3128037503939767
70,0.682554595010387
125,1.080461021738607
23,0.0
82,1.294328736722357
119,1.1065699658022983
70,0.6894490858690777
23,0.0
82,1.3018759295943934
70,0.682554595010387
102,1.2420107539318035
71,0.682554595010387
171,1.6377515368358178
243,1.7068834600805618
120,1.0996754749436073
51,0.7471720943315961
52,0.7397003733882802
80,1.3074027643660173
102,1.121015408836156
154,1.7270660804666265
23,0.0
123,1.0629666939355242
75,0.6622820409839835
21,0.0
23,0.0
169,1.3519730319113603
75,0.6622820409839835
75,0.6689717585696803
21,0.0
23,0.0
149,1.3651347270879592
175,1.5623818362512885
23,0.0
23,0.0
148,1.3651347270879592
23,0.0
101,1.121015408836156
122,1.0737037312480042
51,0.7471720943315961
85,1.2578998571799591
23,0.0
72,0.6689717585696803
84,1.2888571702984495
53,0.7397003733882802
23,0.0
149,1.9500056610372278
23,0.0
23,0.0
23,0.0
193,1.951291392130203
53,0.7397003733882802
68,0.6964132180495735
54,0.7323033696543974
50,0.7471720943315961
102,1.2420107539318035
23,0.0
166,1.3666554271800242
23,0.0
122,1.0777919329922294
132,1.5763876108217165
53,0.7397003733882802
54,0.7323033696543974
135,1.53364590079061
23,0.0
148,1.5536718353809458
150,1.4561300792154779
71,0.682554595010387
23,0.0
51,0.7471720943315961
71,0.6757290490602831
100,1.252057983118666
101,1.1300778087741976
84,1.2888571702984495
23,0.0
150,1.5637190645678083
170,1.3589306288916447
71,0.6757290490602831
23,0.0
23,0.0
119,1.097063271215051
120,1.0886787201941712
72,0.6757290490602831
169,1.788123951793928
77,0.6556592205741436
84,1.2888571702984495
150,1.3540436006914383
23,0.0
53,0.7397003733882802
123,1.0670140136623072
52,0.7323033696543974
53,0.7397003733882802
116,1.1193380993929711
135,1.9974178253429191
134,1.6347168962773573
53,0.7323033696543974
152,1.5369434686575092
149,1.5712662574398444
23,0.0
23,0.0
84,1.2888571702984495
68,0.6964132180495735
53,0.7397003733882802
23,0.0
23,0.0
150,1.5637190645678083
133,1.4554954567645617
72,0.682554595010387
23,0.0
23,0.0
23,0.0
151,1.9241438357498102
53,0.7397003733882802
54,0.7323033696543974
55,0.7323033696543974
69,0.6894490858690777
84,1.2888571702984495
175,1.7457346069903734
23,0.0
23,0.0
69,0.6894490858690777
119,1.0860926385029004
216,1.6318219831994265
135,1.4364652700592777
51,0.7471720943315961
189,1.5390022532573713
23,0.0
49,0.7547192872036325
152,1.3337209534475178
23,0.0
129,1.5932240446327086
23,0.0
23,0.0
53,0.7397003733882802
119,1.0996754749436073
23,0.0
170,1.6536089706678676
74,0.6622820409839835
23,0.0
73,0.6689717585696803
100,1.1255815063135945
151,1.9241438357498102
23,0.0
21,0.0
23,0.0
193,1.9491209431634744
23,0.0
23,0.0
153,1.7399576708733966
86,1.2706059163433931
23,0.0
71,0.6757290490602831
82,1.294328736722357
121,1.0711022154065328
21,0.0
23,0.0
168,1.780763961240616
52,0.7397003733882802
84,1.275968598595465
23,0.0
84,1.2888571702984495
71,0.6757290490602831
53,0.7397003733882802
53,0.7397003733882802
86,1.2578998571799591
23,0.0
151,1.4279859419826166
23,0.0
87,1.2727685818571584
23,0.0
169,1.3519730319113603
102,1.2420107539318035
72,0.6757290490602831
77,0.6556592205741436
23,0.0
71,0.6757290490602831
101,1.121015408836156
170,1.3369098865721787
21,0.0
21,0.0
119,1.097063271215051
166,1.7883189435384792
119,1.0928499289935034
167,1.3794879482021776
74,0.6757290490602831
87,1.2578998571799591
190,1.5252822164485758
21,0.0
207,2.180662296845784
53,0.7397003733882802
170,1.3545852356399162
101,1.121015408836156
23,0.0
75,0.6556592205741436
75,0.6622820409839835
72,0.6689717585696803
73,0.6689717585696803
51,0.7471720943315961
133,1.6512291881589467
75,0.6622820409839835
117,1.1013191724489382
74,0.6622820409839835
51,0.7471720943315961
181,1.9054950496199137
23,0.0
149,1.4638743316735223
23,0.0
103,1.1256025766365596
23,0.0
21,0.0
84,1.2888571702984495
23,0.0
52,0.7397003733882802
191,1.4975306161827207
103,1.1232522628240942
51,0.7471720943315961
71,0.6757290490602831
52,0.7397003733882802
70,0.682554595010387
23,0.0
71,0.6757290490602831
192,1.8584781420459882
72,0.6757290490602831
173,1.7374634994395783
53,0.7397003733882802
98,1.1553298610388714
69,0.6894490858690777
150,1.560602453753317
51,0.7471720943315961
23,0.0
23,0.0
23,0.0
70,0.682554595010387
70,0.6894490858690777
23,0.0
83,1.268571594861582
23,0.0
69,0.6894490858690777
178,2.0928235368989347
87,1.2706059163433931
191,1.520890156149769
84,1.283440319538781
102,1.2420107539318035
75,0.6622820409839835
52,0.7397003733882802
130,1.493084261937773
23,0.0
189,1.507505787653196
23,0.0
75,0.6622820409839835
173,1.643235694207981
122,1.0819214297035684
69,0.6894490858690777
99,1.1460588336129927
53,0.7397003733882802
119,1.0860926385029004
70,0.682554595010387
69,0.6894490858690777
122,1.0737037312480042
51,0.7471720943315961
172,1.6499538983441289
23,0.0
23,0.0
21,0.0
23,0.0
151,1.3731646259658237
75,0.6622820409839835
150,1.3432656813615154
23,0.0
76,0.6622820409839835
23,0.0
131,1.6640583743720843
84,1.275968598595465
23,0.0
54,0.7323033696543974
170,1.3342820927929144
73,0.6689717585696803
101,1.1277726993267583
23,0.0
23,0.0
148,1.3815361704840712
86,1.2706059163433931
54,0.7323033696543974
23,0.0
75,0.6556592205741436
185,1.56500720495226
51,0.7471720943315961
116,1.1193380993929711
21,0.0
23,0.0
190,1.4992880891976328
154,1.9127217410849333
54,0.7323033696543974
21,0.0
55,0.7323033696543974
215,1.6669393136873631
71,0.6757290490602831
21,0.0
23,0.0
123,1.069656411521221
23,0.0
71,0.6757290490602831
49,0.7547192872036325
149,1.4341259769482448
75,0.6622820409839835
171,1.3494239343043974
150,1.5637190645678083
75,0.6622820409839835
21,0.0
104,1.2246917436624432
69,0.6894490858690777
119,1.0860926385029004
85,1.283440319538781
193,1.5107657068441243
52,0.7471720943315961
23,0.0
150,1.5637190645678083
23,0.0
120,1.0928499289935034
84,1.275968598595465
51,0.7471720943315961
119,1.097063271215051
23,0.0
23,0.0
72,0.6757290490602831
69,0.6894490858690777
130,1.5763876108217165
23,0.0
23,0.0
23,0.0
118,1.673753249191934
23,0.0
23,0.0
116,1.112443608534281
23,0.0
190,1.4992880891976328
23,0.0
102,1.2420107539318035
53,0.7397003733882802
54,0.7323033696543974
51,0.7471720943315961
190,1.5058777378529642
23,0.0
72,0.6757290490602831
23,0.0
23,0.0
100,1.252057983118666
86,1.265296860913842
54,0.7323033696543974
84,1.2888571702984495
82,1.294328736722357
71,0.6757290490602831
100,1.259605175990702
154,1.409917693858707
138,1.5114344818746994
169,1.361479726498607
51,0.7471720943315961
74,0.6689717585696803
21,0.0
75,0.6622820409839835
51,0.7471720943315961
71,0.6757290490602831
51,0.7471720943315961
122,1.0777919329922294
49,0.7547192872036325
149,1.44549548711303
182,1.8898486428160644
74,0.6689717585696803
23,0.0
105,1.0898905473659557
98,1.1553298610388714
150,1.3786504247021742
74,0.6689717585696803
52,0.7397003733882802
84,1.2888571702984495
150,1.5524681501591002
100,1.252057983118666
23,0.0
23,0.0
23,0.0
69,0.6894490858690777
118,1.6351365041034636
152,1.4181574219987874
23,0.0
108,1.092171054507877
147,1.381771044488247
23,0.0
131,1.5763876108217165
23,0.0
72,0.6757290490602831
146,1.4026228186245966
50,0.7471720943315961
52,0.7397003733882802
53,0.7323033696543974
56,0.7249803359578534
51,0.7471720943315961
173,1.7484905206515524
54,0.7323033696543974
100,1.1323387968041978
123,1.0629666939355242
146,1.4026228186245966
51,0.7471720943315961
118,1.6683363984322657
134,1.6347168962773573
53,0.7397003733882802
69,0.6894490858690777
102,1.2420107539318035
166,2.1576162623639035
55,0.7323033696543974
44,0.7249803359578534
69,0.6894490858690777
170,1.6787487793796014
72,0.6757290490602831
153,1.912374118335628
49,0.7547192872036325
84,1.2888571702984495
131,1.4667156536941102
72,0.6757290490602831
72,0.6757290490602831
72,0.6689717585696803
170,1.7723914567530508
53,0.7397003733882802
70,0.682554595010387
117,1.1193380993929711
23,0.0
23,0.0
51,0.7471720943315961
23,0.0
23,0.0
21,0.0
84,1.2888571702984495
155,1.3608966459103775
52,0.7397003733882802
23,0.0
73,0.6689717585696803
70,0.682554595010387
23,0.0
149,1.3787175635286666
51,0.7471720943315961
75,0.6556592205741436
51,0.7471720943315961
300,2.195668403691747
54,0.7323033696543974
55,0.7323033696543974
44,0.7249803359578534
71,0.6757290490602831
150,1.5637190645678083
52,0.7397003733882802
23,0.0
72,0.682554595010387
169,1.778593512273888
153,1.8932503771522717
53,0.7397003733882802
23,0.0
69,0.6894490858690777
169,1.778593512273888
102,1.2420107539318035
23,0.0
84,1.275968598595465
21,0.0
189,1.5390022532573713
82,1.294328736722357
148,1.4669909424880136
51,0.7471720943315961
73,0.6757290490602831
23,0.0
169,1.7839120529724255
23,0.0
153,1.8932503771522717
53,0.7397003733882802
150,1.4264744347644607
23,0.0
49,0.7547192872036325
123,1.0737037312480042
176,1.6030962058816118
170,1.5937984144615938
154,1.8447221447138777
72,0.6757290490602831
21,0.0
85,1.2706059163433931
51,0.7471720943315961
23,0.0
215,1.646707239520902
23,0.0
23,0.0
151,1.9241438357498102
68,0.6964132180495735
151,1.5399980589167914
54,0.7323033696543974
23,0.0
23,0.0
169,1.3519730319113603
100,1.252057983118666
75,0.6622820409839835
52,0.7397003733882802
119,1.1065699658022983
101,1.1277726993267583
104,1.0942767223840544
51,0.7471720943315961
23,0.0
168,1.780763961240616
53,0.7397003733882802
23,0.0
100,1.1323387968041978
54,0.7323033696543974
149,1.3733149389142596
72,0.6757290490602831
50,0.7547192872036325
71,0.6757290490602831
74,0.6622820409839835
148,1.3884306613427615
53,0.7397003733882802
23,0.0
54,0.7323033696543974
192,1.4931892020564868
196,1.9228556560093024
53,0.7397003733882802
52,0.7397003733882802
54,0.7323033696543974
50,0.7547192872036325
131,1.4667156536941102
170,1.3342820927929144
77,0.6556592205741436
52,0.7397003733882802
23,0.0
169,1.778593512273888
71,0.6757290490602831
23,0.0
21,0.0
74,0.6622820409839835
84,1.2888571702984495
149,1.371892017578562
75,0.6556592205741436
122,1.0670140136623072
53,0.7397003733882802
193,1.9474156688545785
23,0.0
21,0.0
100,1.1576351854676694
23,0.0
168,1.780763961240616
84,1.275968598595465
21,0.0
54,0.7323033696543974
21,0.0
171,1.3494239343043974
23,0.0
75,0.6622820409839835
23,0.0
23,0.0
165,1.3666854221966427
74,0.6622820409839835
117,1.672224237613007
67,0.7034476949995692
154,1.345827271486312
72,0.6689717585696803
72,0.6689717585696803
51,0.7471720943315961
151,1.5350496723207896
50,0.7547192872036325
23,0.0
194,1.9474156688545785
71,0.6757290490602831
72,0.682554595010387
23,0.0
23,0.0
23,0.0
69,0.6894490858690777
119,1.097063271215051
49,0.7547192872036325
23,0.0
169,1.6579281641116568
53,0.7397003733882802
50,0.7471720943315961
54,0.7323033696543974
51,0.7471720943315961
68,0.6964132180495735
53,0.7397003733882802
100,1.1323387968041978
54,0.7323033696543974
149,1.3677208087792305
74,0.6622820409839835
71,0.6757290490602831
23,0.0
77,0.6556592205741436
150,1.3649303878933798
170,1.3522358134614185
150,1.4332317252550628
173,1.307831992970453
23,0.0
190,1.865580649934949
23,0.0
23,0.0
193,1.5050622250485561
23,0.0
136,1.6095090637379812
105,1.2051217925292752
69,0.6964132180495735
177,1.6916527621389257
73,0.6757290490602831
190,1.537227027989783
160,1.8446455589702382
44,0.7249803359578534
23,0.0
74,0.6622820409839835
245,2.1798461928914423
23,0.0
23,0.0
102,1.1277726993267583
23,0.0
119,1.0860926385029004
132,1.452048497157169
101,1.247009124230795
74,0.6689717585696803
23,0.0
120,1.0996754749436073
172,1.3210424171418718
72,0.6689717585696803
23,0.0
51,0.7471720943315961
191,1.5082719212691786
51,0.7471720943315961
118,1.1150392092577324
21,0.0
73,0.6757290490602831
195,1.780596509084966
80,1.3074027643660173
23,0.0
86,1.2632089126095103
73,0.6689717585696803
84,1.2888571702984495
168,1.6656569946003297
121,1.102398757002966
52,0.7471720943315961
54,0.7323033696543974
117,1.1081447183990414
243,2.1700618372641824
23,0.0
23,0.0
75,0.6622820409839835
23,0.0
171,1.5778604303169779
53,0.7397003733882802
21,0.0
53,0.7397003733882802
117,1.1081447183990414
51,0.7471720943315961
147,1.4701390342198237
53,0.7397003733882802
21,0.0
199,2.287430006695836
100,1.1323387968041978
53,0.7397003733882802
54,0.7323033696543974
68,0.6964132180495735
133,1.6458123373992772
71,0.6757290490602831
23,0.0
74,0.6622820409839835
23,0.0
169,1.3519730319113603
72,0.6757290490602831
23,0.0
124,1.0656495649917055
74,0.6757290490602831
23,0.0
102,1.2420107539318035
102,1.234539032988487
23,0.0
131,1.5847635251296974
84,1.2888571702984495
193,1.8415319578111429
23,0.0
23,0.0
23,0.0
169,1.3519730319113603
23,0.0
77,1.2548374908120836
75,0.6622820409839835
23,0.0
151,1.9241438357498102
52,0.7397003733882802
53,0.7397003733882802
177,1.7139583541852572
55,0.7323033696543974
135,1.6332384519917822
71,0.682554595010387
87,1.2706059163433931
53,0.7397003733882802
73,0.6689717585696803
150,1.5637190645678083
190,1.5414403702113297
126,1.0832392479619273
75,0.6689717585696803
23,0.0
100,1.252057983118666
171,1.594496747717265
70,0.682554595010387
23,0.0
23,0.0
148,1.3789239667555144
23,0.0
123,1.0629666939355242
101,1.1277726993267583
23,0.0
71,0.6757290490602831
71,0.682554595010387
23,0.0
51,0.7471720943315961
21,0.0
23,0.0
51,0.7471720943315961
165,1.3530185679746762
52,0.7397003733882802
23,0.0
149,1.3677208087792305
49,0.7547192872036325
75,0.6622820409839835
52,0.7471720943315961
23,0.0
170,1.6557577151449285
179,1.9993553014610947
23,0.0
23,0.0
71,0.682554595010387
148,1.3789239667555144
23,0.0
51,0.7471720943315961
23,0.0
23,0.0
102,1.2420107539318035
105,1.2198418299597018
133,1.5450174973663642
23,0.0
55,0.7323033696543974
100,1.1255815063135945
103,1.2370623673358012
53,0.7397003733882802
23,0.0
54,0.7323033696543974
148,1.3815361704840712
133,1.569733511369607
23,0.0
23,0.0
23,0.0
51,0.7471720943315961
53,0.7397003733882802
103,1.2221936426586022
55,0.7323033696543974
21,0.0
175,2.1264438628785873
53,0.7397003733882802
54,0.7323033696543974
23,0.0
21,0.0
150,1.5637190645678083
131,1.485047910177086
23,0.0
51,0.7471720943315961
74,0.6622820409839835
23,0.0
23,0.0
82,1.294328736722357
190,1.51841394530497
21,0.0
52,0.7323033696543974
162,1.3900923589049654
21,0.0
71,0.682554595010387
23,0.0
23,0.0
67,0.7034476949995692
100,1.252057983118666
51,0.7471720943315961
102,1.1277726993267583
82,1.294328736722357
120,1.1177474402043417
23,0.0
69,0.6894490858690777
104,1.1256025766365596
86,1.278077637286709
23,0.0
23,0.0
170,1.6787487793796014
71,0.6757290490602831
151,1.9241438357498102
52,0.7397003733882802
53,0.7397003733882802
70,0.682554595010387
54,0.7323033696543974
175,1.7538773169775208
23,0.0
54,0.7323033696543974
55,0.7323033696543974
21,0.0
173,1.7559622415948681
23,0.0
23,0.0
54,0.7323033696543974
105,1.2124448262258187
51,0.7471720943315961
86,1.265296860913842
145,1.4999888115700681
71,0.6757290490602831
23,0.0
150,1.5637190645678083
23,0.0
102,1.2420107539318035
23,0.0
23,0.0
154,1.7270660804666265
72,0.682554595010387
71,0.682554595010387
52,0.7471720943315961
23,0.0
169,1.778593512273888
131,1.485047910177086
85,1.2706059163433931
23,0.0
138,1.4157087159748463
117,1.1081447183990414
51,0.7471720943315961
73,0.6689717585696803
23,0.0
23,0.0
169,1.596645492194326
74,0.6622820409839835
75,0.6622820409839835
75,0.6689717585696803
77,0.6556592205741436
51,0.7471720943315961
114,1.1350307198594847
23,0.0
72,0.6689717585696803
23,0.0
70,0.682554595010387
152,1.5444151896008245
23,0.0
121,1.0777919329922294
23,0.0
148,1.390005413939505
149,1.5505552245664542
70,0.6894490858690777
23,0.0
75,0.6622820409839835
23,0.0
71,0.6757290490602831
71,0.682554595010387
214,1.6572812336465865
23,0.0
51,0.7471720943315961
84,1.275968598595465
71,0.6757290490602831
152,1.3350607305791822
23,0.0
100,1.1255815063135945
51,0.7471720943315961
102,1.234539032988487
54,0.7323033696543974
55,0.7323033696543974
51,0.7471720943315961
50,0.7547192872036325
51,0.7471720943315961
52,0.7471720943315961
23,0.0
23,0.0
214,2.4913769914060775
72,0.6757290490602831
75,0.6689717585696803
23,0.0
23,0.0
190,1.523413762780661
174,1.6386695967305422
137,1.4003574072789888
23,0.0
169,1.3519730319113603
119,1.0928499289935034
75,0.6689717585696803
23,0.0
23,0.0
84,1.2632089126095103
23,0.0
53,0.7397003733882802
49,0.7547192872036325
23,0.0
145,1.4098265937029355
104,1.2246917436624432
50,0.7471720943315961
106,1.103203085361492
102,1.1164949723334907
172,1.758068226056836
134,1.5491372735258688
54,0.7323033696543974
55,0.7323033696543974
44,0.7249803359578534
172,1.5990291075394898
21,0.0
23,0.0
23,0.0
23,0.0
151,1.3621678712163883
76,0.6622820409839835
23,0.0
72,0.6757290490602831
23,0.0
189,1.5390022532573713
73,0.6689717585696803
23,0.0
171,1.7963919337826573
103,1.1187770306864557
100,1.252057983118666
131,1.485047910177086
53,0.7397003733882802
21,0.0
213,1.637290993074527
23,0.0
156,1.8805771378856515
52,0.7397003733882802
70,0.682554595010387
84,1.275968598595465
194,1.821494427019273
121,1.0845492234828324
23,0.0
23,0.0
23,0.0
171,1.356249480254501
51,0.7471720943315961
21,0.0
167,1.3571600817075562
23,0.0
170,1.5937984144615938
23,0.0
72,0.6757290490602831
74,0.6622820409839835
122,1.0737037312480042
169,1.651170873621053
51,0.7471720943315961
53,0.7397003733882802
54,0.7323033696543974
55,0.7323033696543974
184,1.567076735721141
23,0.0
72,0.6757290490602831
82,1.294328736722357
23,0.0
51,0.7471720943315961
23,0.0
117,1.1013191724489382
171,1.3292601155974366
23,0.0
171,1.5893160097253949
51,0.7471720943315961
52,0.7397003733882802
53,0.7397003733882802
23,0.0
23,0.0
23,0.0
51,0.7471720943315961
121,1.0777919329922294
169,1.341039383283517
151,1.9241438357498102
53,0.7397003733882802
54,0.7323033696543974
55,0.7323033696543974
100,1.1277726993267583
215,1.6670325420876908
23,0.0
23,0.0
23,0.0
21,0.0
69,0.6894490858690777
102,1.2420107539318035
146,1.4095869508050924
86,1.265296860913842
54,0.7323033696543974
168,1.780763961240616
23,0.0
84,1.275968598595465
21,0.0
23,0.0
120,1.0886787201941712
134,1.6421886172206726
49,0.7547192872036325
142,1.4130482863078961
101,1.1277726993267583
99,1.1437765624284826
149,1.3787175635286666
23,0.0
182,2.0075336570285023
53,0.7397003733882802
171,1.7681154552436982
104,1.2295906463924855
53,0.7397003733882802
23,0.0
23,0.0
84,1.2888571702984495
21,0.0
170,1.3384533015922466
70,0.682554595010387
51,0.7471720943315961
119,1.1065699658022983
130,1.5864348400085786
23,0.0
74,0.6622820409839835
77,0.6556592205741436
84,1.2632089126095103
118,1.097063271215051
74,0.6622820409839835
85,1.275968598595465
23,0.0
86,1.278077637286709
68,0.6964132180495735
72,0.6689717585696803
23,0.0
23,0.0
169,1.778593512273888
53,0.7397003733882802
69,0.6894490858690777
23,0.0
21,0.0
124,1.069656411521221
147,1.3954910812970416
52,0.7397003733882802
150,1.3567126894378152
23,0.0
23,0.0
100,1.252057983118666
165,1.3873848163098457
70,0.6894490858690777
23,0.0
195,1.92927319814372
23,0.0
72,0.6689717585696803
51,0.7471720943315961
23,0.0
100,1.1323387968041978
247,2.1318587920689342
23,0.0
23,0.0
102,1.1187770306864557
188,1.5320704047377631
119,1.0928499289935034
74,0.6757290490602831
21,0.0
21,0.0
23,0.0
199,2.287430006695836
86,1.265296860913842
54,0.7323033696543974
223,1.999862270784134
119,1.097063271215051
72,0.6757290490602831
73,0.6689717585696803
74,0.6757290490602831
75,0.6689717585696803
148,1.3789239667555144
147,1.377557702266699
122,1.0737037312480042
74,0.6757290490602831
21,0.0
192,1.5082673362795405
68,0.6964132180495735
72,0.6757290490602831
75,0.6689717585696803
75,0.6689717585696803
195,1.927329418104011
53,0.7397003733882802
23,0.0
54,0.7323033696543974
52,0.7397003733882802
70,0.682554595010387
131,1.4599583632035067
101,1.2395374032874793
153,1.438544734066633
56,0.7249803359578534
99,1.150671053287173
115,1.6815681986562545
23,0.0
71,0.6757290490602831
82,1.294328736722357
86,1.278077637286709
23,0.0
84,1.275968598595465
98,1.1553298610388714
71,0.6757290490602831
146,1.4026228186245966
72,0.682554595010387
82,1.294328736722357
104,1.2295906463924855
69,0.6894490858690777
190,1.4992880891976328
119,1.103888817165155
51,0.7471720943315961
53,0.7397003733882802
54,0.7323033696543974
98,1.1553298610388714
51,0.7471720943315961
70,0.682554595010387
100,1.1323387968041978
21,0.0
183,1.9011720307841067
51,0.7471720943315961
21,0.0
120,1.0955042661442753
72,0.6757290490602831
115,1.6815681986562545
69,0.6894490858690777
179,1.9278327120896652
100,1.150671053287173
121,1.0996754749436073
82,1.294328736722357
173,1.7424118860355795
54,0.7323033696543974
50,0.7471720943315961
55,0.7323033696543974
71,0.6757290490602831
69,0.6894490858690777
121,1.0819214297035684
23,0.0
23,0.0
168,1.3699489699540415
76,0.6622820409839835
21,0.0
84,1.283440319538781
72,0.6757290490602831
121,1.0777919329922294
70,0.682554595010387
175,1.5970708469006771
23,0.0
102,1.1164949723334907
72,0.6689717585696803
23,0.0
75,0.6622820409839835
171,1.666620099337504
21,0.0
149,1.4554376438776255
71,0.6757290490602831
74,0.6689717585696803
75,0.6622820409839835
51,0.7471720943315961
51,0.7471720943315961
115,1.6686796269532695
50,0.7547192872036325
54,0.7323033696543974
55,0.7323033696543974
169,1.3640545725662472
151,1.4234198445051771
123,1.069656411521221
158,1.3996033495627174
49,0.7547192872036325
150,1.5505552245664542
53,0.7397003733882802
54,0.7323033696543974
52,0.7397003733882802
55,0.7323033696543974
150,1.5637190645678083
120,1.0928499289935034
71,0.682554595010387
75,0.6689717585696803
123,1.0764137020118238
69,0.6894490858690777
148,1.371892017578562
51,0.7471720943315961
23,0.0
23,0.0
69,0.6894490858690777
155,1.9101981344540382
53,0.7397003733882802
117,1.1013191724489382
54,0.7323033696543974
23,0.0
116,1.1193380993929711
72,0.682554595010387
74,0.6622820409839835
21,0.0
172,1.7650608649844153
53,0.7397003733882802
100,1.150671053287173
71,0.682554595010387
72,0.6757290490602831
98,1.1553298610388714
71,0.682554595010387
23,0.0
23,0.0
130,1.5898123840175677
150,1.5637190645678083
120,1.0928499289935034
68,0.6964132180495735
68,0.6964132180495735
23,0.0
148,1.5668671562996175
23,0.0
53,0.7397003733882802
99,1.1323387968041978
23,0.0
51,0.7471720943315961
52,0.7397003733882802
117,1.1013191724489382
69,0.6894490858690777
72,0.6757290490602831
131,1.470197431075315
23,0.0
150,1.5399980589167914
23,0.0
82,1.294328736722357
217,1.9272506503959357
74,0.6622820409839835
82,1.294328736722357
23,0.0
119,1.673753249191934
102,1.2420107539318035
84,1.275968598595465
21,0.0
23,0.0
21,0.0
98,1.1484353701801802
117,1.1013191724489382
192,1.5022859170516072
101,1.1164949723334907
23,0.0
220,2.078729148182866
100,1.150671053287173
21,0.0
71,0.682554595010387
72,0.6757290490602831
150,1.5637190645678083
49,0.7547192872036325
71,0.6757290490602831
23,0.0
100,1.252057983118666
100,1.252057983118666
52,0.7397003733882802
71,0.6757290490602831
217,1.6837243010673675
53,0.7397003733882802
151,1.9241438357498102
115,1.6776410883726762
53,0.7397003733882802
70,0.682554595010387
23,0.0
23,0.0
51,0.7471720943315961
86,1.265296860913842
49,0.7547192872036325
23,0.0
23,0.0
120,1.1065699658022983
23,0.0
102,1.2420107539318035
53,0.7397003733882802
51,0.7471720943315961
119,1.097063271215051
72,0.6757290490602831
21,0.0
75,0.6689717585696803
101,1.121015408836156
97,1.1553298610388714
23,0.0
23,0.0
71,0.682554595010387
100,1.252057983118666
21,0.0
178,1.9331592232244523
21,0.0
71,0.682554595010387
98,1.1484353701801802
23,0.0
118,1.097063271215051
84,1.2888571702984495
52,0.7397003733882802
150,1.5637190645678083
21,0.0
120,1.0928499289935034
23,0.0
71,0.682554595010387
100,1.252057983118666
118,1.1220033414382282
69,0.6894490858690777
123,1.087286567688711
124,1.069656411521221
71,0.6757290490602831
150,1.5575170090469708
51,0.7471720943315961
101,1.121015408836156
23,0.0
69,0.6894490858690777
23,0.0
72,0.682554595010387
53,0.7323033696543974
23,0.0
168,1.3794235607706973
49,0.7547192872036325
23,0.0
51,0.7471720943315961
50,0.7547192872036325
52,0.7323033696543974
100,1.252057983118666
121,1.0711022154065328
53,0.7397003733882802
23,0.0
98,1.1484353701801802
134,1.4714993198662856
23,0.0
73,0.6757290490602831
75,0.6622820409839835
119,1.1065699658022983
74,0.6622820409839835
23,0.0
49,0.7547192872036325
23,0.0
129,1.4896014316942219
96,1.1669998596352236
23,0.0
23,0.0
21,0.0
103,1.2370623673358012
23,0.0
102,1.121015408836156
23,0.0
104,1.2172947399285607
119,1.097063271215051
72,0.6757290490602831
75,0.6689717585696803
74,0.6757290490602831
77,0.6622820409839835
100,1.252057983118666
131,1.485047910177086
72,0.682554595010387
71,0.682554595010387
72,0.6757290490602831
69,0.6894490858690777
116,1.687039765080162
21,0.0
54,0.7323033696543974
55,0.7323033696543974
69,0.6894490858690777
53,0.7323033696543974
55,0.7249803359578534
23,0.0
23,0.0
148,1.3651347270879592
103,1.105330022610156
23,0.0
74,0.6622820409839835
77,0.6491026283684022
69,0.6894490858690777
68,0.6964132180495735
51,0.7471720943315961
53,0.7397003733882802
54,0.7323033696543974
176,2.1264438628785873
50,0.7547192872036325
23,0.0
71,0.6757290490602831
23,0.0
148,1.3884306613427615
102,1.1164949723334907
51,0.7471720943315961
190,1.510899715048443
103,1.105330022610156
194,1.9474156688545785
100,1.150671053287173
121,1.0913747694329363
72,0.6757290490602831
75,0.6689717585696803
173,1.5762132705139913
51,0.7471720943315961
74,0.6622820409839835
21,0.0
83,1.2888571702984495
23,0.0
23,0.0
69,0.6894490858690777
98,1.1553298610388714
23,0.0
23,0.0
136,1.629686843844732
72,0.6689717585696803
137,1.4113225409567467
23,0.0
119,1.0860926385029004
70,0.682554595010387
75,0.6556592205741436
82,1.294328736722357
52,0.7397003733882802
134,1.4487381662739591
124,1.098269260291627
149,1.5505552245664542
44,0.7249803359578534
174,1.5957314988500984
168,1.3519730319113603
21,0.0
72,0.6757290490602831
75,0.6689717585696803
23,0.0
100,1.1255815063135945
82,1.294328736722357
53,0.7397003733882802
53,0.7397003733882802
55,0.7323033696543974
23,0.0
134,1.450027036177021
51,0.7471720943315961
54,0.7323033696543974
55,0.7323033696543974
152,1.5444151896008245
53,0.7397003733882802
71,0.6757290490602831
54,0.7323033696543974
55,0.7323033696543974
146,1.4026228186245966
51,0.7471720943315961
70,0.6894490858690777
104,1.2172947399285607
23,0.0
214,1.6492056100854864
82,1.294328736722357
23,0.0
23,0.0
73,0.6689717585696803
84,1.2888571702984495
55,0.7249803359578534
21,0.0
23,0.0
150,1.380059116824514
99,1.1369510164783783
51,0.7471720943315961
98,1.1553298610388714
23,0.0
23,0.0
72,0.6689717585696803
51,0.7471720943315961
74,0.6622820409839835
72,0.6689717585696803
52,0.7397003733882802
84,1.2632089126095103
116,1.1193380993929711
49,0.7547192872036325
23,0.0
23,0.0
51,0.7471720943315961
82,1.294328736722357
213,1.6957271925366537
23,0.0
85,1.2632089126095103
131,1.4667156536941102
72,0.6689717585696803
51,0.7471720943315961
53,0.7397003733882802
104,1.1300778087741976
155,1.7107105710190806
72,0.682554595010387
71,0.682554595010387
23,0.0
23,0.0
150,1.3733149389142596
127,1.926676991614343
74,0.6757290490602831
104,1.1075892603795912
21,0.0
172,1.7650608649844153
23,0.0
69,0.6894490858690777
72,0.682554595010387
21,0.0
168,1.368230179776767
67,0.7034476949995692
82,1.294328736722357
132,1.4588057876477722
72,0.6689717585696803
190,1.4992880891976328
51,0.7471720943315961
53,0.7397003733882802
54,0.7323033696543974
55,0.7323033696543974
169,1.778593512273888
51,0.7471720943315961
69,0.6894490858690777
21,0.0
23,0.0
82,1.294328736722357
51,0.7471720943315961
53,0.7397003733882802
52,0.7397003733882802
98,1.1553298610388714
100,1.1323387968041978
72,0.6689717585696803
188,1.5076751228403404
74,0.6689717585696803
105,1.0898905473659557
151,1.3580383745050482
21,0.0
169,1.3573085176992752
122,1.0737037312480042
77,0.6556592205741436
168,1.368230179776767
23,0.0
191,1.523413762780661
74,0.6622820409839835
74,0.6689717585696803
148,1.3815361704840712
74,0.6689717585696803
121,1.0845492234828324
101,1.2395374032874793
116,1.687039765080162
168,1.3519730319113603
72,0.6757290490602831
21,0.0
72,0.6757290490602831
77,0.6556592205741436
101,1.247009124230795
188,1.5390915420599904
72,0.6757290490602831
158,1.6712069809889631
53,0.7397003733882802
216,1.6529113142737764
104,1.1075892603795912
171,1.3234628784958786
124,1.0670140136623072
23,0.0
169,1.778593512273888
23,0.0
23,0.0
23,0.0
51,0.7471720943315961
212,1.6580374788175056
23,0.0
72,0.682554595010387
21,0.0
69,0.6894490858690777
168,1.368230179776767
23,0.0
71,0.6757290490602831
23,0.0
150,1.4310405322418998
168,1.3519730319113603
21,0.0
72,0.6757290490602831
21,0.0
75,0.6689717585696803
102,1.2420107539318035
86,1.265296860913842
21,0.0
54,0.7323033696543974
21,0.0
169,1.778593512273888
71,0.6757290490602831
136,1.426531097174947
121,1.0711022154065328
84,1.275968598595465
51,0.7471720943315961
53,0.7397003733882802
69,0.6894490858690777
99,1.264705033453198
54,0.7323033696543974
100,1.1255815063135945
103,1.2370623673358012
23,0.0
104,1.2295906463924855
121,1.0711022154065328
51,0.7471720943315961
131,1.5689158898784004
72,0.6689717585696803
23,0.0
23,0.0
51,0.7471720943315961
153,1.737408573266432
72,0.682554595010387
23,0.0
23,0.0
184,1.8943453763371694
74,0.6622820409839835
23,0.0
23,0.0
23,0.0
172,1.7611536707631834
154,1.5259772337916935
21,0.0
54,0.7323033696543974
130,1.6058710949672401
53,0.7323033696543974
101,1.247009124230795
98,1.1484353701801802
72,0.6689717585696803
75,0.6622820409839835
190,1.5303325371310925
23,0.0
71,0.682554595010387
119,1.0928499289935034
103,1.105330022610156
120,1.0928499289935034
23,0.0
149,1.555553594865446
51,0.7471720943315961
102,1.2271420292546045
23,0.0
23,0.0
119,1.097063271215051
74,0.6622820409839835
23,0.0
119,1.0860926385029004
49,0.7547192872036325
103,1.234539032988487
153,1.3553034829948265
21,0.0
23,0.0
49,0.7547192872036325
52,0.7397003733882802
116,1.1193380993929711
121,1.0996754749436073
120,1.1065699658022983
72,0.6757290490602831
82,1.294328736722357
131,1.5714392242257142
74,0.6757290490602831
168,1.3519730319113603
72,0.6757290490602831
50,0.7547192872036325
21,0.0
75,0.6689717585696803
150,1.5575170090469708
86,1.265296860913842
49,0.7547192872036325
54,0.7323033696543974
55,0.7323033696543974
23,0.0
100,1.1460588336129927
169,1.3410023991992095
100,1.252057983118666
75,0.6622820409839835
170,1.3410023991992095
23,0.0
23,0.0
23,0.0
23,0.0
169,1.778593512273888
53,0.7397003733882802
51,0.7471720943315961
69,0.6894490858690777
23,0.0
132,1.5763876108217165
53,0.7397003733882802
118,1.1081447183990414
54,0.7323033696543974
23,0.0
130,1.5763876108217165
99,1.150671053287173
53,0.7397003733882802
23,0.0
23,0.0
155,1.8237262967155847
117,1.664752516669692
21,0.0
55,0.7323033696543974
21,0.0
53,0.7323033696543974
98,1.1553298610388714
131,1.6640583743720843
21,0.0
23,0.0
169,1.3519730319113603
72,0.6757290490602831
50,0.7547192872036325
51,0.7471720943315961
52,0.7397003733882802
102,1.2420107539318035
134,1.557313403830289
21,0.0
51,0.7471720943315961
54,0.7323033696543974
100,1.1323387968041978
52,0.7397003733882802
90,1.2548374908120836
54,0.7323033696543974
55,0.7323033696543974
168,1.3519730319113603
101,1.1277726993267583
23,0.0
74,0.6757290490602831
75,0.6689717585696803
169,1.778593512273888
51,0.7471720943315961
71,0.6757290490602831
53,0.7397003733882802
70,0.6894490858690777
151,1.9241438357498102
53,0.7397003733882802
50,0.7471720943315961
23,0.0
67,0.7034476949995692
23,0.0
72,0.6689717585696803
100,1.259605175990702
71,0.6757290490602831
69,0.6894490858690777
51,0.7471720943315961
52,0.7397003733882802
98,1.1553298610388714
217,1.6668870580566937
71,0.6757290490602831
130,1.5847635251296974
181,2.017209497594064
69,0.6894490858690777
23,0.0
53,0.7397003733882802
131,1.6640583743720843
68,0.6964132180495735
170,1.3426666438137953
52,0.7397003733882802
23,0.0
169,1.778593512273888
23,0.0
23,0.0
23,0.0
69,0.6894490858690777
169,1.778593512273888
100,1.150671053287173
71,0.682554595010387
178,1.5508701969886214
23,0.0
169,1.778593512273888
131,1.485047910177086
21,0.0
21,0.0
23,0.0
100,1.1323387968041978
171,1.3301525960815757
51,0.7471720943315961
23,0.0
69,0.6894490858690777
169,1.778593512273888
53,0.7397003733882802
131,1.485047910177086
74,0.6622820409839835
72,0.6757290490602831
170,1.3545852356399162
51,0.7471720943315961
51,0.7471720943315961
121,1.0819214297035684
177,1.7106073511271547
23,0.0
82,1.294328736722357
134,1.6347168962773573
53,0.7397003733882802
150,1.3540436006914383
169,1.6196677152974033
23,0.0
49,0.7547192872036325
51,0.7471720943315961
50,0.7547192872036325
172,1.331758486162021
51,0.7471720943315961
23,0.0
73,0.6689717585696803
74,0.6689717585696803
69,0.6894490858690777
51,0.7471720943315961
101,1.121015408836156
23,0.0
121,1.0711022154065328
103,1.1120197401958531
69,0.6894490858690777
51,0.7471720943315961
271,1.7825672499597074
104,1.1187770306864557
123,1.0737037312480042
166,1.363974278542881
72,0.6757290490602831
122,1.0670140136623072
75,0.6556592205741436
151,1.853309506010434
53,0.7397003733882802
54,0.7323033696543974
55,0.7323033696543974
44,0.7249803359578534
149,1.5637190645678083
53,0.7397003733882802
151,1.5319950820615065
23,0.0
98,1.2698564046274354
168,1.780763961240616
23,0.0
84,1.275968598595465
23,0.0
23,0.0
98,1.1484353701801802
99,1.1437765624284826
99,1.264705033453198
49,0.7547192872036325
23,0.0
120,1.0860926385029004
134,1.6476054679803418
23,0.0
74,0.6622820409839835
23,0.0
120,1.0860926385029004
102,1.1098052547477943
21,0.0
160,1.7747175460838054
23,0.0
133,1.4770919219340057
72,0.682554595010387
21,0.0
23,0.0
82,1.294328736722357
168,1.3725238160216813
23,0.0
23,0.0
23,0.0
21,0.0
191,1.5327553116798889
120,1.0928499289935034
68,0.6964132180495735
103,1.105330022610156
51,0.7471720943315961
51,0.7471720943315961
122,1.0886787201941712
71,0.682554595010387
50,0.7547192872036325
51,0.7471720943315961
166,1.6342126081570492
83,1.2813854493551335
73,0.6689717585696803
53,0.7397003733882802
72,0.6757290490602831
131,1.5714392242257142
23,0.0
100,1.150671053287173
71,0.682554595010387
103,1.1187770306864557
118,1.6351365041034636
119,1.1107833080238458
21,0.0
23,0.0
23,0.0
151,1.9241438357498102
71,0.6757290490602831
53,0.7397003733882802
23,0.0
23,0.0
121,1.0886787201941712
147,1.4701390342198237
23,0.0
157,1.3324923168600342
23,0.0
131,1.4667156536941102
51,0.7471720943315961
51,0.7471720943315961
116,1.1193380993929711
23,0.0
134,1.460061554242001
23,0.0
23,0.0
166,1.7214405988089285
54,0.7323033696543974
196,1.9256580787538613
53,0.7397003733882802
54,0.7323033696543974
21,0.0
55,0.7323033696543974
119,1.0860926385029004
117,1.1081447183990414
74,0.6689717585696803
75,0.6622820409839835
124,1.052337026996169
190,1.8082024366333118
52,0.7397003733882802
21,0.0
169,1.6196677152974033
23,0.0
23,0.0
133,1.5680954556568152
102,1.2420107539318035
23,0.0
69,0.6894490858690777
120,1.1107833080238458
72,0.6757290490602831
150,1.5637190645678083
75,0.6689717585696803
23,0.0
156,1.6948923352119498
82,1.294328736722357
23,0.0
54,0.7323033696543974
21,0.0
71,0.6757290490602831
150,1.5637190645678083
142,1.9455724507621455
72,0.682554595010387
23,0.0
131,1.4897067179287837
69,0.6894490858690777
134,1.4554954567645617
73,0.6757290490602831
124,1.0777919329922294
86,1.2578998571799591
69,0.6894490858690777
105,1.1120197401958531
23,0.0
116,1.1193380993929711
122,1.0845492234828324
100,1.1391643427543012
21,0.0
23,0.0
23,0.0
98,1.1484353701801802
51,0.7471720943315961
53,0.7397003733882802
99,1.1437765624284826
50,0.7547192872036325
150,1.5505552245664542
84,1.275968598595465
23,0.0
54,0.7323033696543974
104,1.1232522628240942
86,1.278077637286709
119,1.1065699658022983
121,1.0845492234828324
120,1.0886787201941712
75,0.6689717585696803
169,1.778593512273888
171,1.5846177208075818
51,0.7471720943315961
23,0.0
23,0.0
169,1.778593512273888
131,1.485047910177086
123,1.0629666939355242
72,0.6757290490602831
21,0.0
101,1.121015408836156
21,0.0
50,0.7547192872036325
51,0.7471720943315961
159,1.841199437136766
169,1.778593512273888
53,0.7397003733882802
53,0.7397003733882802
153,1.7399576708733966
72,0.682554595010387
102,1.2420107539318035
153,1.5289710377048162
105,1.2172947399285607
131,1.4667156536941102
55,0.7323033696543974
100,1.1323387968041978
100,1.1255815063135945
116,1.1193380993929711
51,0.7471720943315961
23,0.0
51,0.7471720943315961
23,0.0
21,0.0
53,0.7397003733882802
69,0.6894490858690777
169,1.778593512273888
100,1.150671053287173
71,0.682554595010387
179,1.5441015280752264
23,0.0
168,1.780763961240616
53,0.7397003733882802
54,0.7323033696543974
55,0.7323033696543974
155,1.4287253842034056
23,0.0
51,0.7471720943315961
171,1.3343862799412847
54,0.7323033696543974
55,0.7323033696543974
100,1.1323387968041978
84,1.275968598595465
169,1.319374676751653
106,1.2198418299597018
23,0.0
169,1.778593512273888
131,1.485047910177086
21,0.0
21,0.0
52,0.7471720943315961
99,1.1437765624284826
69,0.6894490858690777
168,1.3368311903998775
75,0.6556592205741436
23,0.0
149,1.5637190645678083
53,0.7397003733882802
54,0.7323033696543974
55,0.7323033696543974
44,0.7249803359578534
100,1.1323387968041978
96,1.1787877370052764
53,0.7397003733882802
54,0.7323033696543974
121,1.0711022154065328
150,1.3649303878933798
122,1.0670140136623072
23,0.0
69,0.6894490858690777
23,0.0
151,1.853309506010434
53,0.7397003733882802
68,0.6964132180495735
54,0.7323033696543974
55,0.7323033696543974
135,1.6332384519917822
222,2.032934233464686
53,0.7397003733882802
71,0.6757290490602831
23,0.0
150,1.5637190645678083
23,0.0
51,0.7471720943315961
120,1.0928499289935034
23,0.0
169,1.778593512273888
100,1.150671053287173
71,0.682554595010387
181,1.3069495203303505
23,0.0
153,1.9061389488552563
51,0.7471720943315961
23,0.0
172,1.3210424171418718
74,0.6622820409839835
100,1.252057983118666
134,1.6347168962773573
69,0.6894490858690777
23,0.0
54,0.7323033696543974
72,0.6689717585696803
168,1.3613734239291035
161,1.8721669140313029
51,0.7471720943315961
23,0.0
118,1.1150392092577324
100,1.252057983118666
51,0.7471720943315961
23,0.0
53,0.7397003733882802
84,1.2888571702984495
68,0.6964132180495735
132,1.4817041416081875
121,1.0913747694329363
72,0.6757290490602831
170,1.603305109048841
72,0.682554595010387
23,0.0
23,0.0
23,0.0
84,1.2632089126095103
53,0.7323033696543974
21,0.0
101,1.247009124230795
121,1.0777919329922294
164,1.380405459005438
74,0.6622820409839835
83,1.2888571702984495
52,0.7397003733882802
23,0.0
86,1.2578998571799591
102,1.1277726993267583
69,0.6894490858690777
23,0.0
23,0.0
169,1.778593512273888
51,0.7471720943315961
69,0.6894490858690777
72,0.682554595010387
71,0.682554595010387
100,1.252057983118666
141,1.9339275883852556
106,1.2076434116601047
56,0.7249803359578534
23,0.0
172,1.3470141608374753
75,0.6622820409839835
150,1.4332317252550628
51,0.7471720943315961
77,0.6556592205741436
169,1.778593512273888
120,1.0928499289935034
72,0.682554595010387
119,1.1107833080238458
75,0.6689717585696803
148,1.4600964516293233
84,1.2888571702984495
21,0.0
72,0.6689717585696803
71,0.6757290490602831
189,1.5321077623986805
82,1.294328736722357
21,0.0
51,0.7471720943315961
23,0.0
23,0.0
189,1.5210997720256136
50,0.7547192872036325
204,1.7251117864560208
70,0.6894490858690777
169,1.778593512273888
100,1.150671053287173
152,1.3689934171664915
72,0.6757290490602831
23,0.0
169,1.778593512273888
131,1.485047910177086
71,0.682554595010387
72,0.6757290490602831
74,0.6757290490602831
169,1.778593512273888
53,0.7397003733882802
131,1.485047910177086
71,0.682554595010387
86,1.2578998571799591
84,1.2888571702984495
102,1.1277726993267583
73,0.6689717585696803
21,0.0
23,0.0
71,0.6757290490602831
155,1.8146221812320573
184,1.572189380258391
23,0.0
23,0.0
187,1.5544403542301692
51,0.7471720943315961
102,1.234539032988487
23,0.0
23,0.0
53,0.7323033696543974
82,1.294328736722357
101,1.1232522628240942
172,1.626473809842551
23,0.0
84,1.2888571702984495
132,1.5655721213095009
71,0.6757290490602831
23,0.0
102,1.234539032988487
69,0.6894490858690777
23,0.0
21,0.0
51,0.7471720943315961
102,1.1120197401958531
173,1.5816570877005853
23,0.0
21,0.0
72,0.6757290490602831
23,0.0
82,1.294328736722357
102,1.234539032988487
130,1.481530963327384
54,0.7323033696543974
55,0.7323033696543974
100,1.252057983118666
51,0.7471720943315961
53,0.7397003733882802
71,0.6757290490602831
52,0.7397003733882802
98,1.1484353701801802
23,0.0
23,0.0
101,1.1414927361355531
21,0.0
98,1.1484353701801802
23,0.0
72,0.6689717585696803
51,0.7471720943315961
96,1.1669998596352236
70,0.682554595010387
23,0.0
72,0.6757290490602831
137,1.4300088040149963
23,0.0
121,1.102398757002966
51,0.7471720943315961
72,0.6757290490602831
52,0.7397003733882802
21,0.0
51,0.7471720943315961
53,0.7397003733882802
23,0.0
100,1.150671053287173
23,0.0
168,1.6196677152974033
51,0.7471720943315961
73,0.6689717585696803
21,0.0
74,0.6689717585696803
149,1.5356864998892552
96,1.1717532600552802
71,0.6757290490602831
122,1.0845492234828324
74,0.6622820409839835
156,1.891356670897392
21,0.0
149,1.374546354729334
74,0.6689717585696803
121,1.0845492234828324
169,1.778593512273888
53,0.7397003733882802
51,0.7471720943315961
21,0.0
100,1.150671053287173
51,0.7471720943315961
23,0.0
119,1.6463439790183916
55,0.7323033696543974
44,0.7249803359578534
148,1.4600964516293233
23,0.0
67,0.7034476949995692
23,0.0
23,0.0
51,0.7471720943315961
115,1.130644544841385
23,0.0
53,0.7397003733882802
21,0.0
84,1.2888571702984495
53,0.7397003733882802
23,0.0
23,0.0
23,0.0
70,0.682554595010387
82,1.294328736722357
21,0.0
23,0.0
23,0.0
169,1.778593512273888
120,1.0928499289935034
74,0.6622820409839835
23,0.0
23,0.0
213,1.6800525746293404
123,1.0913747694329363
77,0.6556592205741436
100,1.1255815063135945
54,0.7397003733882802
100,1.252057983118666
96,1.1669998596352236
23,0.0
21,0.0
23,0.0
169,1.778593512273888
120,1.0928499289935034
51,0.7471720943315961
23,0.0
53,0.7397003733882802
100,1.1255815063135945
51,0.7471720943315961
53,0.7397003733882802
152,1.3445913664287485
21,0.0
169,1.778593512273888
120,1.0928499289935034
51,0.7471720943315961
23,0.0
23,0.0
151,1.4234198445051771
23,0.0
21,0.0
23,0.0
23,0.0
70,0.682554595010387
51,0.7471720943315961
23,0.0
52,0.7397003733882802
23,0.0
23,0.0
120,1.0996754749436073
49,0.7547192872036325
131,1.4781534193183954
53,0.7397003733882802
101,1.121015408836156
70,0.682554595010387
23,0.0
189,1.5185619100422807
23,0.0
98,1.1553298610388714
71,0.682554595010387
23,0.0
23,0.0
23,0.0
188,1.5605505138966678
51,0.7471720943315961
245,1.713360531103964
77,0.6556592205741436
53,0.7397003733882802
122,1.0886787201941712
71,0.682554595010387
23,0.0
72,0.6757290490602831
74,0.6757290490602831
151,1.9241438357498102
21,0.0
21,0.0
72,0.6689717585696803
23,0.0
166,1.6915908214586846
53,0.7397003733882802
71,0.682554595010387
72,0.6757290490602831
23,0.0
23,0.0
170,1.3359296949613535
23,0.0
23,0.0
23,0.0
188,1.544945008757701
71,0.6757290490602831
21,0.0
125,1.056343873525684
23,0.0
191,1.5150292117597817
73,0.6689717585696803
23,0.0
74,0.6622820409839835
23,0.0
121,1.102398757002966
151,1.3377682731743015
121,1.0996754749436073
100,1.252057983118666
77,0.6556592205741436
51,0.7471720943315961
53,0.7397003733882802
54,0.7323033696543974
55,0.7323033696543974
44,0.7249803359578534
122,1.0845492234828324
71,0.682554595010387
75,0.6622820409839835
23,0.0
169,1.778593512273888
98,1.1553298610388714
23,0.0
23,0.0
23,0.0
23,0.0
101,1.121015408836156
117,1.1150392092577324
50,0.7547192872036325
122,1.0737037312480042
125,1.0629666939355242
148,1.4669909424880136
69,0.6894490858690777
23,0.0
82,1.294328736722357
23,0.0
169,1.778593512273888
120,1.0928499289935034
74,0.6622820409839835
71,0.682554595010387
23,0.0
118,1.1081447183990414
51,0.7471720943315961
171,1.3385157766526246
125,1.0737037312480042
23,0.0
169,1.361479726498607
99,1.264705033453198
23,0.0
23,0.0
51,0.7471720943315961
102,1.2271420292546045
53,0.7397003733882802
23,0.0
69,0.6894490858690777
69,0.6894490858690777
99,1.1437765624284826
122,1.0777919329922294
74,0.6622820409839835
23,0.0
54,0.7323033696543974
119,1.103888817165155
70,0.6894490858690777
123,1.0737037312480042
156,1.3622763611239215
21,0.0
53,0.7323033696543974
53,0.7397003733882802
21,0.0
21,0.0
69,0.6894490858690777
150,1.5637190645678083
104,1.2246917436624432
23,0.0
21,0.0
21,0.0
148,1.3815361704840712
150,1.3691015966927118
75,0.6556592205741436
70,0.6894490858690777
23,0.0
113,1.695013389673898
166,1.375124670635458
53,0.7397003733882802
23,0.0
23,0.0
23,0.0
220,2.078729148182866
21,0.0
23,0.0
23,0.0
168,1.6196677152974033
73,0.6689717585696803
21,0.0
224,1.8985373942513504
53,0.7397003733882802
185,1.56500720495226
23,0.0
23,0.0
23,0.0
52,0.7397003733882802
117,1.1013191724489382
69,0.6894490858690777
75,0.6556592205741436
76,0.6556592205741436
23,0.0
118,1.638946975284508
23,0.0
23,0.0
80,1.3074027643660173
71,0.6757290490602831
113,1.695013389673898
52,0.7397003733882802
53,0.7397003733882802
54,0.7323033696543974
55,0.7323033696543974
151,1.5474697798601076
53,0.7397003733882802
148,1.5763661149023405
23,0.0
98,1.2698564046274354
169,1.7676001212392618
53,0.7397003733882802
54,0.7323033696543974
167,1.3820888028159537
55,0.7323033696543974
169,1.778593512273888
98,1.1553298610388714
70,0.6894490858690777
23,0.0
23,0.0
102,1.2420107539318035
119,1.6463439790183916
55,0.7323033696543974
97,1.1669998596352236
44,0.7249803359578534
102,1.2420107539318035
117,1.664752516669692
55,0.7323033696543974
44,0.7249803359578534
45,0.7177305325982748
176,1.5508462196329995
23,0.0
23,0.0
23,0.0
23,0.0
69,0.6894490858690777
129,1.5932240446327086
23,0.0
51,0.7471720943315961
72,0.682554595010387
102,1.2420107539318035
134,1.6347168962773573
54,0.7323033696543974
23,0.0
23,0.0
122,1.0845492234828324
100,1.1391643427543012
23,0.0
23,0.0
23,0.0
116,1.1193380993929711
98,1.1553298610388714
101,1.247009124230795
170,1.323540787706457
75,0.6622820409839835
53,0.7323033696543974
51,0.7471720943315961
68,0.6964132180495735
102,1.1345982452768628
23,0.0
51,0.7471720943315961
69,0.6894490858690777
72,0.6689717585696803
119,1.1150392092577324
23,0.0
214,1.652513226418415
72,0.6757290490602831
21,0.0
71,0.682554595010387
75,0.6689717585696803
122,1.0845492234828324
100,1.1391643427543012
23,0.0
23,0.0
23,0.0
103,1.2370623673358012
117,1.664752516669692
55,0.7323033696543974
44,0.7249803359578534
45,0.7177305325982748
172,1.7550136357975539
69,0.6894490858690777
53,0.7397003733882802
52,0.7397003733882802
54,0.7323033696543974
51,0.7471720943315961
53,0.7397003733882802
23,0.0
52,0.7397003733882802
85,1.2632089126095103
169,1.778593512273888
120,1.0928499289935034
72,0.682554595010387
71,0.682554595010387
50,0.7547192872036325
100,1.252057983118666
86,1.265296860913842
54,0.7323033696543974
75,0.6622820409839835
134,1.5288444862248964
23,0.0
102,1.2420107539318035
117,1.664752516669692
21,0.0
55,0.7323033696543974
122,1.0886787201941712
67,0.7034476949995692
72,0.6757290490602831
77,0.6556592205741436
23,0.0
188,1.550046342780444
23,0.0
23,0.0
72,0.682554595010387
23,0.0
102,1.2271420292546045
23,0.0
51,0.7471720943315961
71,0.6757290490602831
23,0.0
169,1.778593512273888
98,1.1553298610388714
118,1.1107833080238458
100,1.150671053287173
72,0.6757290490602831
193,1.9474156688545785
100,1.150671053287173
71,0.682554595010387
72,0.6757290490602831
74,0.6757290490602831
168,1.6196677152974033
104,1.1075892603795912
49,0.7547192872036325
121,1.0711022154065328
23,0.0
213,1.6629825599562147
75,0.6556592205741436
21,0.0
51,0.7471720943315961
75,0.6622820409839835
149,1.5637190645678083
69,0.6894490858690777
23,0.0
23,0.0
53,0.7397003733882802
169,1.778593512273888
131,1.485047910177086
74,0.6622820409839835
21,0.0
72,0.6757290490602831
144,1.4127608209181874
173,1.3120730575658008
51,0.7471720943315961
51,0.7471720943315961
124,1.080461021738607
169,1.778593512273888
53,0.7397003733882802
53,0.7397003733882802
100,1.150671053287173
23,0.0
71,0.6757290490602831
74,0.6622820409839835
23,0.0
122,1.080461021738607
23,0.0
181,1.9135502427207118
55,0.7323033696543974
23,0.0
51,0.7471720943315961
23,0.0
82,1.294328736722357
52,0.7397003733882802
23,0.0
23,0.0
23,0.0
117,1.6831126547965845
21,0.0
54,0.7323033696543974
55,0.7323033696543974
52,0.7397003733882802
23,0.0
98,1.2698564046274354
74,0.6622820409839835
147,1.4701390342198237
122,1.0886787201941712
170,1.652081155376419
51,0.7471720943315961
21,0.0
72,0.6757290490602831
53,0.7397003733882802
69,0.6894490858690777
100,1.1391643427543012
23,0.0
23,0.0
69,0.6894490858690777
101,1.247009124230795
117,1.664752516669692
76,0.6622820409839835
68,0.6964132180495735
55,0.7323033696543974
168,1.368230179776767
102,1.1300778087741976
119,1.6553142842102129
23,0.0
74,0.6689717585696803
51,0.7471720943315961
53,0.7397003733882802
21,0.0
54,0.7323033696543974
55,0.7323033696543974
168,1.780763961240616
23,0.0
23,0.0
53,0.7397003733882802
54,0.7323033696543974
23,0.0
147,1.5744143491716536
23,0.0
21,0.0
21,0.0
129,1.5898123840175677
69,0.6894490858690777
23,0.0
23,0.0
147,1.3997469825309277
176,2.1284872974960503
23,0.0
84,1.275968598595465
54,0.7323033696543974
21,0.0
172,1.3251306188860983
51,0.7471720943315961
51,0.7471720943315961
69,0.6894490858690777
105,1.2295906463924855
101,1.121015408836156
99,1.150671053287173
21,0.0
70,0.6894490858690777
71,0.6757290490602831
153,1.8312973715180265
72,0.6689717585696803
53,0.7397003733882802
23,0.0
23,0.0
118,1.1150392092577324
49,0.7547192872036325
167,1.375124670635458
23,0.0
23,0.0
118,1.1150392092577324
49,0.7547192872036325
69,0.6894490858690777
23,0.0
23,0.0
133,1.6512291881589467
149,1.382930905750214
75,0.6622820409839835
72,0.6757290490602831
53,0.7397003733882802
171,1.601156364571781
132,1.660361077995586
23,0.0
49,0.7547192872036325
23,0.0
23,0.0
171,1.7808753498543728
148,1.4554376438776255
23,0.0
23,0.0
69,0.6894490858690777
74,0.6689717585696803
51,0.7471720943315961
72,0.6757290490602831
71,0.682554595010387
169,1.778593512273888
134,1.4522182291901844
71,0.682554595010387
101,1.1277726993267583
55,0.7323033696543974
169,1.778593512273888
53,0.7397003733882802
131,1.485047910177086
71,0.682554595010387
72,0.6757290490602831
245,2.1798461928914423
23,0.0
23,0.0
100,1.150671053287173
21,0.0
129,1.5932240446327086
23,0.0
23,0.0
23,0.0
52,0.7397003733882802
132,1.5763876108217165
104,1.2295906463924855
21,0.0
23,0.0
21,0.0
82,1.294328736722357
195,1.9250918863441024
54,0.7323033696543974
55,0.7323033696543974
21,0.0
174,2.1284872974960503
71,0.6757290490602831
21,0.0
23,0.0
96,1.1787877370052764
51,0.7471720943315961
113,1.708087417317558
69,0.6894490858690777
21,0.0
23,0.0
82,1.294328736722357
119,1.097063271215051
51,0.7471720943315961
23,0.0
23,0.0
122,1.0886787201941712
68,0.6964132180495735
75,0.6622820409839835
172,1.5646420468881668
23,0.0
169,1.778593512273888
100,1.150671053287173
21,0.0
115,1.6686796269532695
71,0.682554595010387
100,1.1323387968041978
84,1.275968598595465
21,0.0
23,0.0
54,0.7323033696543974
82,1.294328736722357
53,0.7397003733882802
23,0.0
23,0.0
21,0.0
171,1.3520361380329542
75,0.6622820409839835
51,0.7471720943315961
52,0.7397003733882802
23,0.0
129,1.5898123840175677
23,0.0
131,1.485047910177086
71,0.682554595010387
52,0.7471720943315961
132,1.5763876108217165
53,0.7397003733882802
50,0.7547192872036325
54,0.7323033696543974
55,0.7323033696543974
118,1.638946975284508
238,1.7774582039530622
72,0.682554595010387
23,0.0
23,0.0
23,0.0
82,1.3074027643660173
69,0.6894490858690777
73,0.6689717585696803
51,0.7471720943315961
53,0.7323033696543974
147,1.5795142066341499
23,0.0
23,0.0
23,0.0
72,0.6689717585696803
23,0.0
173,1.307831992970453
100,1.252057983118666
23,0.0
169,1.3384533015922466
122,1.0845492234828324
74,0.6689717585696803
21,0.0
174,1.314352699556175
169,1.3369098865721787
21,0.0
100,1.252057983118666
23,0.0
21,0.0
194,1.8513039693082958
71,0.6757290490602831
51,0.7471720943315961
23,0.0
23,0.0
188,1.5562516237614281
150,1.44549548711303
51,0.7471720943315961
23,0.0
106,1.2198418299597018
211,1.6967478420122586
23,0.0
23,0.0
23,0.0
74,0.6689717585696803
175,1.5569394021459466
71,0.682554595010387
23,0.0
72,0.6757290490602831
21,0.0
147,1.3708004117760964
120,1.1107833080238458
23,0.0
23,0.0
51,0.7471720943315961
132,1.5763876108217165
119,1.6463439790183916
55,0.7323033696543974
44,0.7249803359578534
59,1.32884777213114
147,1.4632445433611314
71,0.682554595010387
121,1.102398757002966
23,0.0
23,0.0
100,1.252057983118666
50,0.7471720943315961
53,0.7397003733882802
54,0.7323033696543974
55,0.7323033696543974
51,0.7471720943315961
153,1.8238256505747095
54,0.7323033696543974
55,0.7323033696543974
44,0.7249803359578534
245,2.1798461928914423
50,0.7547192872036325
21,0.0
23,0.0
23,0.0
146,1.4026228186245966
51,0.7471720943315961
51,0.7471720943315961
73,0.6689717585696803
53,0.7397003733882802
23,0.0
51,0.7471720943315961
120,1.0928499289935034
23,0.0
23,0.0
122,1.0845492234828324
127,1.0792324014324124
21,0.0
21,0.0
23,0.0
82,1.294328736722357
101,1.1232522628240942
171,1.3292601155974366
23,0.0
23,0.0
201,2.2858405796038395
169,1.7601284002959448
23,0.0
23,0.0
23,0.0
53,0.7323033696543974
171,1.6153485218536152
53,0.7397003733882802
23,0.0
23,0.0
98,1.1553298610388714
21,0.0
151,1.773850050166747
23,0.0
51,0.7471720943315961
163,1.3761914353159157
103,1.105330022610156
51,0.7471720943315961
23,0.0
23,0.0
171,1.3276289894506819
51,0.7471720943315961
68,0.6964132180495735
50,0.7547192872036325
69,0.6894490858690777
151,1.9241438357498102
53,0.7397003733882802
51,0.7471720943315961
54,0.7323033696543974
55,0.7323033696543974
170,1.3410023991992095
102,1.1098052547477943
72,0.6757290490602831
54,0.7249803359578534
74,0.6689717585696803
167,1.375124670635458
169,1.3545478779789994
23,0.0
75,0.6622820409839835
77,0.6556592205741436
23,0.0
102,1.2271420292546045
72,0.6689717585696803
100,1.259605175990702
23,0.0
151,1.9241438357498102
53,0.7397003733882802
121,1.0955042661442753
54,0.7323033696543974
21,0.0
168,1.6196677152974033
102,1.1164949723334907
51,0.7471720943315961
23,0.0
21,0.0
102,1.1120197401958531
51,0.7471720943315961
74,0.6622820409839835
23,0.0
23,0.0
148,1.3815361704840712
21,0.0
51,0.7471720943315961
72,0.6689717585696803
103,1.105330022610156
151,1.9241438357498102
68,0.6964132180495735
53,0.7397003733882802
54,0.7323033696543974
55,0.7323033696543974
51,0.7471720943315961
53,0.7397003733882802
54,0.7323033696543974
52,0.7397003733882802
55,0.7323033696543974
119,1.103888817165155
70,0.6894490858690777
100,1.252057983118666
23,0.0
72,0.6689717585696803
148,1.3651347270879592
51,0.7471720943315961
69,0.6894490858690777
23,0.0
21,0.0
98,1.1553298610388714
71,0.682554595010387
50,0.7547192872036325
100,1.252057983118666
72,0.6757290490602831
212,1.6637773417658277
23,0.0
23,0.0
23,0.0
23,0.0
167,1.6824818127276058
117,1.1013191724489382
23,0.0
49,0.7547192872036325
23,0.0
183,1.56018224486245
69,0.6894490858690777
23,0.0
21,0.0
21,0.0
167,1.6824818127276058
23,0.0
23,0.0
23,0.0
23,0.0
70,0.682554595010387
121,1.0777919329922294
51,0.7471720943315961
74,0.6622820409839835
52,0.7397003733882802
199,2.2853865720783735
153,1.533919424300819
23,0.0
96,1.1787877370052764
23,0.0
193,1.9491209431634744
21,0.0
23,0.0
23,0.0
23,0.0
172,1.758068226056836
53,0.7397003733882802
50,0.7471720943315961
54,0.7323033696543974
55,0.7323033696543974
169,1.778593512273888
71,0.6757290490602831
21,0.0
72,0.682554595010387
23,0.0
169,1.778593512273888
71,0.6757290490602831
21,0.0
72,0.682554595010387
71,0.682554595010387
82,1.294328736722357
50,0.7547192872036325
23,0.0
84,1.275968598595465
23,0.0
153,1.8312973715180265
104,1.2295906463924855
54,0.7323033696543974
55,0.7323033696543974
44,0.7249803359578534
176,2.0504338324577933
71,0.6757290490602831
21,0.0
21,0.0
53,0.7397003733882802
169,1.778593512273888
69,0.6894490858690777
99,1.264705033453198
72,0.682554595010387
71,0.682554595010387
168,1.6824818127276058
50,0.7547192872036325
72,0.6689717585696803
121,1.0955042661442753
21,0.0
51,0.7471720943315961
70,0.682554595010387
180,1.6009051837756672
149,1.3789239667555144
72,0.6757290490602831
23,0.0
100,1.1391643427543012
102,1.1300778087741976
51,0.7471720943315961
51,0.7471720943315961
169,1.778593512273888
131,1.485047910177086
23,0.0
215,1.6341527119287411
23,0.0
53,0.7323033696543974
23,0.0
173,2.158498122771989
23,0.0
23,0.0
298,2.24886409639115
74,0.6622820409839835
51,0.7471720943315961
71,0.682554595010387
21,0.0
174,2.1284872974960503
105,1.2246917436624432
54,0.7323033696543974
55,0.7323033696543974
23,0.0
167,1.7883189435384792
53,0.7397003733882802
70,0.682554595010387
54,0.7323033696543974
50,0.7547192872036325
102,1.2420107539318035
119,1.6463439790183916
55,0.7323033696543974
44,0.7249803359578534
45,0.7177305325982748
129,1.5932240446327086
104,1.2295906463924855
54,0.7323033696543974
55,0.7323033696543974
23,0.0
102,1.2420107539318035
117,1.664752516669692
55,0.7323033696543974
44,0.7249803359578534
21,0.0
172,1.5990291075394898
23,0.0
73,0.6689717585696803
126,1.072406855482308
52,0.7397003733882802
102,1.2420107539318035
117,1.664752516669692
23,0.0
21,0.0
71,0.6757290490602831
170,1.607726939378317
21,0.0
53,0.7397003733882802
108,1.2076434116601047
86,1.278077637286709
122,1.0845492234828324
71,0.682554595010387
119,1.0928499289935034
137,1.4444533373888853
77,0.6622820409839835
132,1.452048497157169
74,0.6622820409839835
21,0.0
101,1.247009124230795
50,0.7547192872036325
166,1.3820506866431992
103,1.1256025766365596
74,0.6622820409839835
23,0.0
122,1.102398757002966
169,1.778593512273888
121,1.0886787201941712
75,0.6622820409839835
71,0.682554595010387
23,0.0
169,1.778593512273888
120,1.0928499289935034
21,0.0
72,0.682554595010387
21,0.0
53,0.7323033696543974
21,0.0
23,0.0
133,1.6697747822265143
23,0.0
23,0.0
23,0.0
154,1.9147973675330616
51,0.7471720943315961
23,0.0
23,0.0
190,1.5209578935740256
23,0.0
23,0.0
56,0.7177305325982748
119,1.0860926385029004
23,0.0
73,0.6689717585696803
72,0.6757290490602831
121,1.0886787201941712
120,1.0996754749436073
143,1.4314173072586929
71,0.682554595010387
168,1.3545852356399162
23,0.0
170,1.6247010414090144
23,0.0
23,0.0
149,1.5637190645678083
23,0.0
154,1.8387955030979248
21,0.0
50,0.7547192872036325
21,0.0
21,0.0
23,0.0
102,1.2420107539318035
23,0.0
23,0.0
23,0.0
169,1.778593512273888
84,1.275968598595465
100,1.150671053287173
21,0.0
21,0.0
144,1.4127608209181874
53,0.7323033696543974
55,0.7249803359578534
162,1.3900923589049654
23,0.0
172,1.758068226056836
68,0.6964132180495735
53,0.7397003733882802
54,0.7323033696543974
55,0.7323033696543974
194,1.9474156688545785
157,1.88567930234983
23,0.0
23,0.0
23,0.0
168,1.6196677152974033
51,0.7471720943315961
23,0.0
23,0.0
23,0.0
72,0.6689717585696803
121,1.0886787201941712
101,1.121015408836156
23,0.0
70,0.6894490858690777
175,2.1284872974960503
53,0.7397003733882802
54,0.7323033696543974
55,0.7323033696543974
44,0.7249803359578534
151,1.9241438357498102
100,1.1323387968041978
53,0.7397003733882802
53,0.7397003733882802
55,0.7323033696543974
169,1.778593512273888
129,1.5932240446327086
23,0.0
23,0.0
23,0.0
51,0.7471720943315961
53,0.7397003733882802
100,1.1323387968041978
54,0.7323033696543974
55,0.7323033696543974
176,2.1284872974960503
102,1.234539032988487
100,1.1323387968041978
54,0.7323033696543974
55,0.7323033696543974
151,1.9241438357498102
68,0.6964132180495735
21,0.0
53,0.7397003733882802
23,0.0
151,1.9241438357498102
100,1.1323387968041978
53,0.7397003733882802
76,0.6622820409839835
23,0.0
84,1.2632089126095103
69,0.6894490858690777
23,0.0
23,0.0
23,0.0
174,2.1284872974960503
53,0.7397003733882802
54,0.7323033696543974
55,0.7323033696543974
21,0.0
131,1.4897067179287837
71,0.682554595010387
102,1.2420107539318035
104,1.2246917436624432
87,1.265296860913842
168,1.6824818127276058
100,1.1345982452768628
23,0.0
135,1.5615078971992271
21,0.0
102,1.2271420292546045
23,0.0
119,1.1107833080238458
23,0.0
23,0.0
174,2.1284872974960503
105,1.2246917436624432
68,0.6964132180495735
23,0.0
23,0.0
159,1.7276775261050228
102,1.1300778087741976
23,0.0
23,0.0
23,0.0
245,2.1798461928914423
100,1.150671053287173
23,0.0
71,0.682554595010387
23,0.0
119,1.103888817165155
23,0.0
51,0.7471720943315961
23,0.0
23,0.0
171,1.6474689357022376
21,0.0
52,0.7471720943315961
69,0.6894490858690777
23,0.0
188,1.5569460875294598
69,0.6894490858690777
23,0.0
51,0.7471720943315961
51,0.7471720943315961
168,1.6793337209957944
149,1.44549548711303
126,1.069656411521221
74,0.6622820409839835
23,0.0
156,1.8237262967155847
54,0.7323033696543974
71,0.6757290490602831
55,0.7323033696543974
44,0.7249803359578534
120,1.0928499289935034
145,1.4211330391513488
23,0.0
23,0.0
23,0.0
72,0.6689717585696803
175,1.5957314988500984
71,0.6757290490602831
23,0.0
23,0.0
168,1.6579281641116568
23,0.0
23,0.0
23,0.0
21,0.0
193,1.9474156688545785
23,0.0
23,0.0
23,0.0
21,0.0
122,1.0886787201941712
72,0.6757290490602831
23,0.0
23,0.0
23,0.0
174,2.1284872974960503
53,0.7397003733882802
54,0.7323033696543974
55,0.7323033696543974
21,0.0
84,1.2632089126095103
187,1.5271062710831076
23,0.0
53,0.7323033696543974
23,0.0
194,1.9474156688545785
23,0.0
23,0.0
204,2.086379819565366
23,0.0
51,0.7471720943315961
53,0.7397003733882802
54,0.7323033696543974
55,0.7323033696543974
44,0.7249803359578534
187,1.5605505138966678
21,0.0
72,0.682554595010387
23,0.0
23,0.0
192,1.80526820941806
51,0.7471720943315961
23,0.0
103,1.105330022610156
23,0.0
193,1.9474156688545785
23,0.0
69,0.6894490858690777
23,0.0
23,0.0
156,1.8770255297386003
21,0.0
102,1.234539032988487
23,0.0
23,0.0
201,2.2858405796038395
68,0.6964132180495735
21,0.0
119,1.0996754749436073
21,0.0
23,0.0
69,0.6894490858690777
102,1.2420107539318035
52,0.7397003733882802
23,0.0
84,1.2888571702984495
23,0.0
53,0.7397003733882802
55,0.7323033696543974
72,0.6689717585696803
169,1.778593512273888
71,0.6757290490602831
21,0.0
53,0.7397003733882802
121,1.0913747694329363
295,2.2509767449168576
50,0.7547192872036325
21,0.0
23,0.0
21,0.0
295,2.2509767449168576
23,0.0
23,0.0
23,0.0
23,0.0
101,1.121015408836156
74,0.6622820409839835
23,0.0
75,0.6622820409839835
51,0.7471720943315961
169,1.778593512273888
51,0.7471720943315961
23,0.0
23,0.0
23,0.0
174,1.737792416481248
205,2.1541587914474434
23,0.0
23,0.0
23,0.0
171,1.3318879093767009
23,0.0
23,0.0
49,0.7547192872036325
23,0.0
151,1.3580383745050482
23,0.0
98,1.1553298610388714
23,0.0
52,0.7397003733882802
100,1.1323387968041978
131,1.4599583632035067
151,1.4234198445051771
23,0.0
23,0.0
169,1.778593512273888
133,1.4554954567645617
74,0.6622820409839835
72,0.6757290490602831
23,0.0
122,1.0845492234828324
149,1.5763661149023405
21,0.0
23,0.0
23,0.0
101,1.121015408836156
101,1.1277726993267583
23,0.0
192,1.5150292117597817
21,0.0
151,1.9241438357498102
21,0.0
70,0.682554595010387
53,0.7397003733882802
72,0.6757290490602831
82,1.294328736722357
121,1.0777919329922294
69,0.6894490858690777
23,0.0
70,0.682554595010387
193,1.9474156688545785
23,0.0
23,0.0
100,1.150671053287173
23,0.0
174,2.1284872974960503
53,0.7397003733882802
51,0.7471720943315961
52,0.7397003733882802
54,0.7323033696543974
169,1.778593512273888
51,0.7471720943315961
23,0.0
121,1.0886787201941712
23,0.0
174,2.1284872974960503
53,0.7397003733882802
115,1.130644544841385
50,0.7547192872036325
23,0.0
193,1.9474156688545785
153,1.7399576708733966
74,0.6622820409839835
71,0.682554595010387
105,1.1075892603795912
122,1.0845492234828324
100,1.1391643427543012
122,1.0670140136623072
75,0.6689717585696803
74,0.6757290490602831
194,1.9474156688545785
51,0.7471720943315961
50,0.7547192872036325
52,0.7397003733882802
23,0.0
194,1.9474156688545785
102,1.1277726993267583
71,0.682554595010387
21,0.0
176,1.3228776677831877
169,1.778593512273888
71,0.6757290490602831
74,0.6622820409839835
21,0.0
71,0.682554595010387
194,1.9474156688545785
53,0.7397003733882802
100,1.150671053287173
23,0.0
86,1.2578998571799591
218,1.9839438474176756
102,1.2420107539318035
71,0.6757290490602831
23,0.0
23,0.0
174,2.1284872974960503
53,0.7397003733882802
51,0.7471720943315961
54,0.7323033696543974
21,0.0
170,1.6174972663306755
74,0.6622820409839835
77,0.6556592205741436
72,0.682554595010387
23,0.0
100,1.252057983118666
68,0.6964132180495735
23,0.0
69,0.6894490858690777
55,0.7249803359578534
218,2.078729148182866
153,1.7399576708733966
71,0.682554595010387
72,0.6757290490602831
75,0.6689717585696803
117,1.648104991502995
82,1.294328736722357
52,0.7397003733882802
23,0.0
23,0.0
194,1.9474156688545785
100,1.150671053287173
23,0.0
51,0.7471720943315961
23,0.0
193,1.9491209431634744
23,0.0
23,0.0
71,0.6757290490602831
72,0.682554595010387
100,1.1391643427543012
51,0.7471720943315961
23,0.0
123,1.087286567688711
75,0.6622820409839835
174,2.1284872974960503
53,0.7397003733882802
71,0.6757290490602831
54,0.7323033696543974
55,0.7323033696543974
84,1.283440319538781
71,0.6757290490602831
51,0.7471720943315961
52,0.7397003733882802
23,0.0
132,1.5763876108217165
104,1.2295906463924855
54,0.7323033696543974
55,0.7323033696543974
23,0.0
245,2.1798461928914423
23,0.0
23,0.0
21,0.0
23,0.0
174,2.1284872974960503
53,0.7397003733882802
54,0.7323033696543974
55,0.7323033696543974
44,0.7249803359578534
174,2.1284872974960503
84,1.275968598595465
85,1.2632089126095103
55,0.7323033696543974
23,0.0
165,1.3530185679746762
123,1.0737037312480042
51,0.7471720943315961
89,1.2600408960385867
44,0.7249803359578534
122,1.0845492234828324
116,1.1193380993929711
102,1.2420107539318035
171,1.778593512273888
23,0.0
119,1.659124755391259
125,1.0832392479619273
117,1.6427959360734439
23,0.0
23,0.0
174,2.1284872974960503
53,0.7397003733882802
68,0.6964132180495735
54,0.7323033696543974
21,0.0
199,2.287430006695836
53,0.7397003733882802
21,0.0
54,0.7323033696543974
21,0.0
151,1.5474697798601076
53,0.7397003733882802
54,0.7323033696543974
55,0.7323033696543974
44,0.7249803359578534
82,1.294328736722357
69,0.6894490858690777
23,0.0
71,0.6757290490602831
23,0.0
84,1.283440319538781
53,0.7397003733882802
23,0.0
99,1.1460588336129927
82,1.294328736722357
188,1.5518394996163918
122,1.0670140136623072
73,0.6689717585696803
23,0.0
23,0.0
120,1.0928499289935034
153,1.408406327595061
72,0.6757290490602831
23,0.0
23,0.0
174,2.1284872974960503
119,1.6463439790183916
55,0.7323033696543974
56,0.7249803359578534
44,0.7249803359578534
101,1.121015408836156
101,1.247009124230795
23,0.0
23,0.0
21,0.0
100,1.252057983118666
50,0.7547192872036325
152,1.842248131893646
53,0.7397003733882802
21,0.0
174,2.1284872974960503
100,1.1323387968041978
53,0.7397003733882802
54,0.7323033696543974
55,0.7323033696543974
102,1.2420107539318035
151,1.5444151896008245
23,0.0
23,0.0
53,0.7397003733882802
174,2.1284872974960503
105,1.2246917436624432
21,0.0
54,0.7323033696543974
21,0.0
174,2.1284872974960503
105,1.2246917436624432
21,0.0
54,0.7323033696543974
21,0.0
51,0.7471720943315961
98,1.1553298610388714
100,1.1391643427543012
23,0.0
21,0.0
174,2.1284872974960503
105,1.2246917436624432
68,0.6964132180495735
54,0.7323033696543974
55,0.7323033696543974
84,1.2888571702984495
84,1.2888571702984495
71,0.6757290490602831
23,0.0
23,0.0
174,2.1284872974960503
133,1.6383406164559626
54,0.7323033696543974
55,0.7323033696543974
23,0.0
98,1.1553298610388714
100,1.259605175990702
124,1.0737037312480042
23,0.0
23,0.0
152,1.5394668030048226
51,0.7471720943315961
23,0.0
23,0.0
23,0.0
217,1.6453402394713357
52,0.7397003733882802
72,0.6757290490602831
74,0.6757290490602831
75,0.6689717585696803
84,1.2888571702984495
71,0.6757290490602831
51,0.7471720943315961
53,0.7397003733882802
72,0.682554595010387
72,0.6689717585696803
134,1.6476054679803418
23,0.0
51,0.7471720943315961
71,0.6757290490602831
84,1.2888571702984495
23,0.0
69,0.6894490858690777
51,0.7471720943315961
72,0.682554595010387
100,1.252057983118666
52,0.7397003733882802
53,0.7397003733882802
55,0.7323033696543974
21,0.0
84,1.2888571702984495
119,1.6463439790183916
55,0.7323033696543974
44,0.7249803359578534
21,0.0
193,1.7694461169923894
23,0.0
23,0.0
21,0.0
23,0.0
244,2.1808675771814268
23,0.0
100,1.150671053287173
71,0.682554595010387
72,0.6757290490602831
51,0.7471720943315961
23,0.0
72,0.6689717585696803
23,0.0
23,0.0
173,1.5659893266425302
23,0.0
23,0.0
23,0.0
51,0.7471720943315961
199,2.287430006695836
53,0.7397003733882802
23,0.0
54,0.7323033696543974
21,0.0
23,0.0
98,1.1484353701801802
114,1.1350307198594847
52,0.7397003733882802
23,0.0
148,1.4554376438776255
23,0.0
23,0.0
73,0.6689717585696803
23,0.0
72,0.6689717585696803
86,1.278077637286709
190,1.519335782381656
23,0.0
23,0.0
196,1.8327916031413976
68,0.6964132180495735
21,0.0
21,0.0
120,1.1135340979827941
193,1.9474156688545785
131,1.485047910177086
23,0.0
23,0.0
23,0.0
151,1.9241438357498102
71,0.6757290490602831
23,0.0
67,0.7034476949995692
23,0.0
51,0.7471720943315961
21,0.0
84,1.275968598595465
179,2.1148828671331517
53,0.7397003733882802
23,0.0
21,0.0
100,1.252057983118666
69,0.6894490858690777
23,0.0
51,0.7471720943315961
84,1.275968598595465
71,0.6757290490602831
54,0.7323033696543974
55,0.7323033696543974
82,1.294328736722357
71,0.6757290490602831
101,1.2545563171028318
23,0.0
23,0.0
72,0.6689717585696803
75,0.6622820409839835
69,0.6894490858690777
86,1.278077637286709
52,0.7397003733882802
193,1.9474156688545785
131,1.485047910177086
74,0.6622820409839835
53,0.7397003733882802
21,0.0
193,1.9474156688545785
120,1.0928499289935034
23,0.0
23,0.0
74,0.6622820409839835
101,1.247009124230795
23,0.0
23,0.0
71,0.6757290490602831
23,0.0
193,1.9474156688545785
131,1.485047910177086
71,0.682554595010387
103,1.1232522628240942
72,0.6757290490602831
151,1.9241438357498102
52,0.7397003733882802
53,0.7397003733882802
54,0.7323033696543974
21,0.0
169,1.361479726498607
84,1.2888571702984495
122,1.0670140136623072
102,1.234539032988487
23,0.0
154,1.8329281278981309
154,1.7348849666355386
55,0.7323033696543974
23,0.0
23,0.0
193,1.9474156688545785
23,0.0
100,1.150671053287173
23,0.0
23,0.0
167,1.6312783809417961
74,0.6622820409839835
146,1.392852491672237
123,1.0737037312480042
23,0.0
187,1.544945008757701
72,0.6757290490602831
23,0.0
23,0.0
23,0.0
151,1.9241438357498102
51,0.7471720943315961
50,0.7547192872036325
21,0.0
23,0.0
71,0.6757290490602831
117,1.1220033414382282
74,0.6622820409839835
75,0.6622820409839835
23,0.0
23,0.0
82,1.294328736722357
50,0.7471720943315961
135,1.4444533373888853
23,0.0
151,1.9241438357498102
84,1.275968598595465
23,0.0
21,0.0
23,0.0
193,1.9474156688545785
23,0.0
120,1.0928499289935034
23,0.0
23,0.0
23,0.0
172,1.7743175107645361
69,0.6894490858690777
82,1.294328736722357
71,0.682554595010387
158,1.8888832840384515
23,0.0
23,0.0
23,0.0
52,0.7397003733882802
151,1.9241438357498102
68,0.6964132180495735
23,0.0
53,0.7397003733882802
23,0.0
174,2.1284872974960503
23,0.0
52,0.7397003733882802
53,0.7397003733882802
21,0.0
199,2.287430006695836
53,0.7397003733882802
54,0.7323033696543974
100,1.1323387968041978
23,0.0
151,1.9241438357498102
68,0.6964132180495735
53,0.7397003733882802
54,0.7323033696543974
55,0.7323033696543974
345,2.2948849334019292
23,0.0
21,0.0
21,0.0
100,1.150671053287173
151,1.9241438357498102
117,1.1081447183990414
21,0.0
23,0.0
53,0.7397003733882802
245,2.1798461928914423
120,1.0928499289935034
72,0.682554595010387
23,0.0
23,0.0
120,1.0996754749436073
23,0.0
21,0.0
100,1.1255815063135945
23,0.0
242,2.1832256772655367
23,0.0
23,0.0
23,0.0
131,1.485047910177086
179,2.02758888554105
23,0.0
69,0.6894490858690777
51,0.7471720943315961
71,0.6757290490602831
101,1.121015408836156
69,0.6894490858690777
50,0.7547192872036325
21,0.0
21,0.0
174,2.1284872974960503
53,0.7397003733882802
54,0.7323033696543974
55,0.7323033696543974
21,0.0
171,1.7632809277954726
53,0.7397003733882802
23,0.0
54,0.7323033696543974
21,0.0
296,2.2502654393966037
123,1.087286567688711
23,0.0
23,0.0
23,0.0
174,2.1284872974960503
53,0.7397003733882802
85,1.2632089126095103
23,0.0
23,0.0
138,1.9779547860554625
99,1.264705033453198
71,0.6757290490602831
23,0.0
23,0.0
174,2.1284872974960503
53,0.7397003733882802
54,0.7323033696543974
55,0.7323033696543974
44,0.7249803359578534
100,1.252057983118666
99,1.1437765624284826
23,0.0
23,0.0
51,0.7471720943315961
193,1.9491209431634744
71,0.6757290490602831
72,0.682554595010387
23,0.0
21,0.0
100,1.1323387968041978
150,1.3786504247021742
21,0.0
21,0.0
73,0.682554595010387
151,1.9241438357498102
154,1.5309256203876953
54,0.7323033696543974
55,0.7323033696543974
44,0.7249803359578534
176,2.0495970179102954
100,1.150671053287173
21,0.0
23,0.0
21,0.0
151,1.9241438357498102
154,1.5309256203876953
54,0.7323033696543974
55,0.7323033696543974
23,0.0
23,0.0
121,1.0777919329922294
69,0.6894490858690777
104,1.2420107539318035
21,0.0
174,2.1284872974960503
105,1.2246917436624432
54,0.7323033696543974
55,0.7323033696543974
23,0.0
151,1.9241438357498102
70,0.682554595010387
90,1.2548374908120836
23,0.0
23,0.0
296,2.2502654393966037
23,0.0
23,0.0
23,0.0
23,0.0
296,2.2502654393966037
23,0.0
49,0.7547192872036325
98,1.1553298610388714
21,0.0
164,1.3735109681467472
73,0.6689717585696803
72,0.6757290490602831
74,0.6689717585696803
23,0.0
201,2.2853865720783735
102,1.234539032988487
54,0.7323033696543974
55,0.7323033696543974
23,0.0
121,1.0777919329922294
23,0.0
51,0.7471720943315961
151,1.5474697798601076
23,0.0
199,2.287430006695836
53,0.7397003733882802
54,0.7323033696543974
55,0.7323033696543974
23,0.0
218,2.0817608212728547
131,1.485047910177086
23,0.0
23,0.0
23,0.0
86,1.278077637286709
71,0.6757290490602831
51,0.7471720943315961
23,0.0
53,0.7397003733882802
245,2.1798461928914423
23,0.0
23,0.0
120,1.0928499289935034
23,0.0
180,1.9269778824113417
23,0.0
23,0.0
21,0.0
21,0.0
168,1.343577245266849
21,0.0
23,0.0
23,0.0
23,0.0
51,0.7471720943315961
100,1.1277726993267583
73,0.6689717585696803
74,0.6622820409839835
21,0.0
174,2.1284872974960503
105,1.2246917436624432
54,0.7323033696543974
68,0.6964132180495735
55,0.7323033696543974
158,1.7024782002865801
21,0.0
84,1.2888571702984495
21,0.0
51,0.7471720943315961
84,1.2888571702984495
23,0.0
23,0.0
49,0.7547192872036325
72,0.6689717585696803
176,2.1264438628785873
23,0.0
154,1.5309256203876953
50,0.7471720943315961
23,0.0
169,1.3520361380329542
166,1.389014818823695
52,0.7471720943315961
51,0.7471720943315961
23,0.0
151,1.441568778423323
70,0.6894490858690777
51,0.7471720943315961
23,0.0
23,0.0
217,2.08005554696396
71,0.6757290490602831
72,0.682554595010387
21,0.0
50,0.7547192872036325
193,1.9491209431634744
122,1.0886787201941712
21,0.0
53,0.7397003733882802
100,1.252057983118666
120,1.0996754749436073
71,0.6757290490602831
51,0.7471720943315961
74,0.6689717585696803
53,0.7397003733882802
214,1.6641067795966904
23,0.0
23,0.0
71,0.6757290490602831
23,0.0
149,1.4569798408148318
72,0.6689717585696803
21,0.0
51,0.7471720943315961
102,1.234539032988487
171,1.3494239343043974
193,1.5048395626687296
74,0.6757290490602831
75,0.6689717585696803
77,0.6622820409839835
23,0.0
102,1.2420107539318035
23,0.0
98,1.1553298610388714
72,0.682554595010387
176,2.1264438628785873
21,0.0
119,1.6463439790183916
21,0.0
71,0.6757290490602831
71,0.6757290490602831
100,1.153022965793488
21,0.0
50,0.7547192872036325
51,0.7471720943315961
72,0.6689717585696803
168,1.6746749132440977
23,0.0
21,0.0
54,0.7323033696543974
174,2.1284872974960503
53,0.7397003733882802
54,0.7323033696543974
55,0.7323033696543974
44,0.7249803359578534
174,2.1284872974960503
53,0.7397003733882802
173,1.7122750848684487
23,0.0
23,0.0
71,0.6757290490602831
69,0.6894490858690777
120,1.0955042661442753
84,1.275968598595465
23,0.0
102,1.2271420292546045
53,0.7397003733882802
72,0.6689717585696803
122,1.0670140136623072
69,0.6894490858690777
104,1.2172947399285607
21,0.0
69,0.6894490858690777
23,0.0
23,0.0
23,0.0
100,1.1323387968041978
169,1.3301525960815757
70,0.6894490858690777
51,0.7471720943315961
214,1.6641067795966904
52,0.7471720943315961
23,0.0
23,0.0
23,0.0
72,0.6689717585696803
70,0.682554595010387
23,0.0
100,1.252057983118666
51,0.7471720943315961
245,2.1798461928914423
23,0.0
21,0.0
23,0.0
23,0.0
174,2.1284872974960503
105,1.2246917436624432
54,0.7323033696543974
55,0.7323033696543974
44,0.7249803359578534
174,2.1284872974960503
53,0.7397003733882802
70,0.682554595010387
54,0.7323033696543974
55,0.7323033696543974
174,2.1284872974960503
162,2.197930677300484
54,0.7323033696543974
54,0.7397003733882802
23,0.0
245,2.1798461928914423
23,0.0
21,0.0
50,0.7547192872036325
21,0.0
51,0.7471720943315961
69,0.6894490858690777
21,0.0
23,0.0
152,1.3621678712163883
84,1.2888571702984495
23,0.0
21,0.0
23,0.0
23,0.0
245,2.1798461928914423
100,1.150671053287173
21,0.0
21,0.0
21,0.0
71,0.6757290490602831
51,0.7471720943315961
23,0.0
72,0.6689717585696803
23,0.0
150,1.3540436006914383
23,0.0
23,0.0
23,0.0
23,0.0
116,1.1193380993929711
70,0.682554595010387
121,1.0819214297035684
74,0.6622820409839835
23,0.0
23,0.0
212,1.6971360366656973
75,0.6622820409839835
51,0.7471720943315961
84,1.275968598595465
245,2.1798461928914423
53,0.7397003733882802
102,1.1460588336129927
23,0.0
23,0.0
172,1.3210424171418718
103,1.1008995427938946
23,0.0
23,0.0
23,0.0
70,0.682554595010387
23,0.0
69,0.6894490858690777
100,1.1255815063135945
53,0.7397003733882802
244,2.1808675771814268
100,1.150671053287173
71,0.682554595010387
124,1.080461021738607
77,0.6622820409839835
119,1.1107833080238458
72,0.6757290490602831
121,1.0996754749436073
21,0.0
75,0.6689717585696803
117,1.6629737161801936
72,0.6689717585696803
153,1.821276552967746
23,0.0
23,0.0
51,0.7471720943315961
102,1.2271420292546045
69,0.6894490858690777
23,0.0
23,0.0
206,2.2131585941922682
102,1.1120197401958531
23,0.0
74,0.6622820409839835
23,0.0
102,1.2420107539318035
152,1.4279859419826166
23,0.0
23,0.0
23,0.0
176,2.1264438628785873
133,1.6383406164559626
51,0.7471720943315961
21,0.0
21,0.0
148,1.3884306613427615
49,0.7547192872036325
74,0.6689717585696803
155,1.7064516510930616
23,0.0
295,2.2509767449168576
21,0.0
23,0.0
23,0.0
23,0.0
148,1.3884306613427615
49,0.7547192872036325
53,0.7397003733882802
198,1.788973227276908
23,0.0
102,1.2420107539318035
52,0.7397003733882802
51,0.7471720943315961
71,0.6757290490602831
23,0.0
168,1.7729091047474181
71,0.6757290490602831
23,0.0
23,0.0
23,0.0
118,1.1081447183990414
23,0.0
23,0.0
100,1.252057983118666
52,0.7397003733882802
100,1.1323387968041978
69,0.6894490858690777
23,0.0
21,0.0
23,0.0
174,2.1284872974960503
105,1.2246917436624432
54,0.7323033696543974
55,0.7323033696543974
68,0.6964132180495735
150,1.4561300792154779
23,0.0
150,1.3649303878933798
52,0.7397003733882802
23,0.0
23,0.0
51,0.7471720943315961
167,1.7757983637072918
23,0.0
23,0.0
139,1.9563964377054104
100,1.259605175990702
23,0.0
71,0.6757290490602831
69,0.6894490858690777
119,1.103888817165155
100,1.252057983118666
68,0.6964132180495735
174,1.6301049800756522
55,0.7323033696543974
23,0.0
51,0.7471720943315961
23,0.0
21,0.0
69,0.6894490858690777
84,1.2888571702984495
21,0.0
102,1.234539032988487
104,1.2221936426586022
131,1.4667156536941102
245,2.1798461928914423
100,1.150671053287173
21,0.0
71,0.682554595010387
23,0.0
140,1.9534622104901571
53,0.7397003733882802
23,0.0
21,0.0
23,0.0
176,2.1264438628785873
102,1.234539032988487
71,0.6757290490602831
23,0.0
96,1.1787877370052764
152,1.5444151896008245
84,1.275968598595465
54,0.7323033696543974
21,0.0
23,0.0
51,0.7471720943315961
151,1.5350496723207896
72,0.6689717585696803
23,0.0
23,0.0
102,1.2420107539318035
98,1.1553298610388714
72,0.682554595010387
71,0.682554595010387
99,1.264705033453198
72,0.6689717585696803
100,1.259605175990702
23,0.0
75,0.6622820409839835
69,0.6894490858690777
84,1.2888571702984495
23,0.0
23,0.0
23,0.0
70,0.682554595010387
122,1.0845492234828324
126,1.0832392479619273
23,0.0
23,0.0
21,0.0
101,1.247009124230795
116,1.1193380993929711
51,0.7471720943315961
52,0.7397003733882802
74,0.6689717585696803
71,0.6757290490602831
68,0.6964132180495735
72,0.682554595010387
75,0.6622820409839835
23,0.0
100,1.1323387968041978
70,0.682554595010387
53,0.7397003733882802
23,0.0
23,0.0
368,2.584908486213704
23,0.0
23,0.0
23,0.0
23,0.0
102,1.2420107539318035
82,1.294328736722357
23,0.0
194,1.7545702627778703
23,0.0
199,2.287430006695836
53,0.7397003733882802
54,0.7323033696543974
55,0.7323033696543974
44,0.7249803359578534
240,2.111747119722544
21,0.0
21,0.0
121,1.0819214297035684
23,0.0
23,0.0
51,0.7471720943315961
23,0.0
51,0.7471720943315961
53,0.7397003733882802
23,0.0
154,1.839673285826006
23,0.0
72,0.6689717585696803
23,0.0
102,1.2420107539318035
52,0.7397003733882802
23,0.0
23,0.0
23,0.0
148,1.3884306613427615
53,0.7397003733882802
54,0.7323033696543974
55,0.7323033696543974
44,0.7249803359578534
99,1.1437765624284826
153,1.9136861417272917
23,0.0
23,0.0
23,0.0
154,1.8830755084502344
72,0.6689717585696803
51,0.7471720943315961
52,0.7397003733882802
51,0.7471720943315961
82,1.294328736722357
99,1.1369510164783783
68,0.6964132180495735
68,0.6964132180495735
23,0.0
176,2.1264438628785873
21,0.0
52,0.7397003733882802
53,0.7397003733882802
23,0.0
176,2.1264438628785873
23,0.0
23,0.0
84,1.275968598595465
54,0.7323033696543974
82,1.294328736722357
118,1.097063271215051
23,0.0
190,1.5125784918910534
50,0.7547192872036325
188,1.5320704047377631
51,0.7471720943315961
21,0.0
73,0.6689717585696803
23,0.0
69,0.6894490858690777
23,0.0
84,1.2888571702984495
23,0.0
23,0.0
296,2.2502654393966037
21,0.0
21,0.0
71,0.682554595010387
21,0.0
82,1.294328736722357
69,0.6894490858690777
23,0.0
23,0.0
23,0.0
133,1.4633718851252113
23,0.0
72,0.6757290490602831
23,0.0
23,0.0
119,1.0996754749436073
21,0.0
218,2.070008317777097
23,0.0
23,0.0
100,1.252057983118666
53,0.7397003733882802
70,0.682554595010387
50,0.7547192872036325
21,0.0
245,2.1798461928914423
69,0.6894490858690777
72,0.682554595010387
71,0.682554595010387
72,0.6757290490602831
166,2.179410366024145
104,1.1369722996328886
23,0.0
23,0.0
52,0.7397003733882802
153,1.8312973715180265
21,0.0
71,0.6757290490602831
82,1.294328736722357
98,1.1622939932193666
119,1.6553142842102129
100,1.252057983118666
68,0.6964132180495735
21,0.0
72,0.682554595010387
98,1.1553298610388714
54,0.7323033696543974
53,0.7397003733882802
125,1.087286567688711
23,0.0
194,1.9271546977801615
53,0.7397003733882802
50,0.7471720943315961
23,0.0
23,0.0
164,1.3735109681467472
51,0.7471720943315961
23,0.0
52,0.7397003733882802
23,0.0
82,1.294328736722357
52,0.7397003733882802
71,0.6757290490602831
174,1.6238095333527776
23,0.0
163,2.2084906043739894
23,0.0
21,0.0
69,0.6894490858690777
23,0.0
69,0.6894490858690777
51,0.7471720943315961
100,1.1323387968041978
53,0.7397003733882802
21,0.0
51,0.7471720943315961
134,1.6347168962773573
55,0.7323033696543974
53,0.7397003733882802
23,0.0
129,1.5898123840175677
131,1.485047910177086
23,0.0
71,0.682554595010387
23,0.0
212,1.6679906839873755
23,0.0
23,0.0
74,0.6689717585696803
21,0.0
23,0.0
149,1.44549548711303
100,1.252057983118666
21,0.0
23,0.0
171,1.3318879093767009
75,0.6622820409839835
21,0.0
75,0.6689717585696803
21,0.0
245,2.1798461928914423
69,0.6894490858690777
23,0.0
23,0.0
23,0.0
295,2.2509767449168576
53,0.7397003733882802
69,0.6894490858690777
108,1.2198418299597018
52,0.7397003733882802
245,2.1798461928914423
100,1.150671053287173
71,0.682554595010387
23,0.0
72,0.6757290490602831
176,2.1264438628785873
86,1.265296860913842
23,0.0
54,0.7323033696543974
55,0.7323033696543974
176,2.1264438628785873
133,1.5655721213095009
54,0.7323033696543974
55,0.7323033696543974
70,0.682554595010387
116,1.1193380993929711
49,0.7547192872036325
51,0.7471720943315961
103,1.234539032988487
53,0.7397003733882802
176,2.1264438628785873
84,1.275968598595465
54,0.7323033696543974
71,0.682554595010387
21,0.0
141,1.9428978935770778
23,0.0
23,0.0
23,0.0
164,1.3735109681467472
151,1.9241438357498102
134,1.6347168962773573
21,0.0
172,1.7173238753597888
23,0.0
188,1.5431518519217533
23,0.0
71,0.6757290490602831
23,0.0
23,0.0
101,1.121015408836156
21,0.0
23,0.0
23,0.0
51,0.7471720943315961
131,1.4667156536941102
52,0.7397003733882802
23,0.0
121,1.0819214297035684
23,0.0
176,2.1264438628785873
153,1.8932503771522717
54,0.7323033696543974
23,0.0
23,0.0
141,1.9428978935770778
50,0.7547192872036325
69,0.6894490858690777
23,0.0
99,1.1369510164783783
153,1.8447221447138777
50,0.7547192872036325
71,0.6757290490602831
72,0.682554595010387
71,0.682554595010387
51,0.7471720943315961
168,1.7601284002959448
54,0.7323033696543974
55,0.7323033696543974
44,0.7249803359578534
186,1.5341455211006476
72,0.6757290490602831
74,0.6689717585696803
23,0.0
23,0.0
245,2.1798461928914423
69,0.6894490858690777
23,0.0
23,0.0
23,0.0
245,2.1798461928914423
100,1.150671053287173
71,0.682554595010387
23,0.0
23,0.0
245,2.1798461928914423
69,0.6894490858690777
21,0.0
23,0.0
21,0.0
154,1.8830755084502344
23,0.0
71,0.6757290490602831
23,0.0
21,0.0
51,0.7471720943315961
21,0.0
51,0.7471720943315961
69,0.6894490858690777
101,1.121015408836156
296,2.2502654393966037
71,0.682554595010387
72,0.6757290490602831
21,0.0
23,0.0
119,1.097063271215051
50,0.7547192872036325
72,0.6757290490602831
23,0.0
74,0.6622820409839835
275,2.495982165312983
21,0.0
53,0.7397003733882802
21,0.0
54,0.7323033696543974
99,1.150671053287173
70,0.6894490858690777
23,0.0
71,0.682554595010387
72,0.6757290490602831
71,0.6757290490602831
68,0.6964132180495735
23,0.0
74,0.6689717585696803
49,0.7547192872036325
115,1.6815681986562545
23,0.0
23,0.0
23,0.0
69,0.6894490858690777
224,2.409015606214736
23,0.0
21,0.0
53,0.7397003733882802
21,0.0
176,2.1264438628785873
84,1.275968598595465
21,0.0
23,0.0
23,0.0
296,2.2502654393966037
71,0.682554595010387
72,0.6757290490602831
77,0.6622820409839835
53,0.6556592205741436
120,1.0996754749436073
100,1.252057983118666
23,0.0
179,2.0793670224732614
74,0.6689717585696803
23,0.0
84,1.2888571702984495
23,0.0
23,0.0
52,0.7397003733882802
176,2.1264438628785873
119,1.6463439790183916
55,0.7323033696543974
44,0.7249803359578534
45,0.7177305325982748
23,0.0
98,1.2698564046274354
51,0.7471720943315961
101,1.2395374032874793
54,0.7323033696543974
245,2.1745336626399165
131,1.485047910177086
23,0.0
23,0.0
23,0.0
129,1.5898123840175677
100,1.150671053287173
96,1.1787877370052764
71,0.682554595010387
72,0.6757290490602831
245,2.1798461928914423
51,0.7471720943315961
69,0.6894490858690777
147,1.3843832482168028
72,0.6757290490602831
100,1.252057983118666
119,1.097063271215051
73,0.6689717585696803
75,0.6622820409839835
23,0.0
245,2.1798461928914423
69,0.6894490858690777
23,0.0
23,0.0
23,0.0
135,1.9974178253429191
69,0.6894490858690777
23,0.0
23,0.0
121,1.0819214297035684
245,2.1798461928914423
23,0.0
23,0.0
23,0.0
23,0.0
245,2.1798461928914423
23,0.0
23,0.0
23,0.0
23,0.0
120,1.0928499289935034
21,0.0
23,0.0
69,0.6894490858690777
23,0.0
84,1.2888571702984495
23,0.0
23,0.0
119,1.0860926385029004
23,0.0
176,2.1264438628785873
120,1.6425335078373464
67,0.7034476949995692
55,0.7323033696543974
23,0.0
98,1.1553298610388714
121,1.0913747694329363
23,0.0
72,0.6757290490602831
23,0.0
245,2.1798461928914423
51,0.7471720943315961
69,0.6894490858690777
21,0.0
23,0.0
169,1.6871839308926309
116,1.1193380993929711
49,0.7547192872036325
23,0.0
23,0.0
84,1.2888571702984495
23,0.0
23,0.0
52,0.7397003733882802
98,1.1553298610388714
168,1.3477905874883973
122,1.0886787201941712
23,0.0
23,0.0
74,0.6622820409839835
134,1.6476054679803418
98,1.1553298610388714
23,0.0
102,1.1300778087741976
120,1.0886787201941712
169,1.778593512273888
53,0.7397003733882802
100,1.150671053287173
71,0.682554595010387
72,0.6757290490602831
169,1.3369098865721787
51,0.7471720943315961
71,0.682554595010387
72,0.6757290490602831
21,0.0
244,2.1808675771814268
84,1.2964043631704858
131,1.485047910177086
77,0.6622820409839835
53,0.6556592205741436
51,0.7471720943315961
72,0.6689717585696803
101,1.259605175990702
23,0.0
23,0.0
101,1.247009124230795
131,1.485047910177086
51,0.7471720943315961
71,0.682554595010387
72,0.6757290490602831
199,2.287430006695836
53,0.7397003733882802
54,0.7323033696543974
55,0.7323033696543974
44,0.7249803359578534
201,2.2853865720783735
188,1.525387455992384
72,0.6757290490602831
23,0.0
23,0.0
23,0.0
186,1.5341455211006476
74,0.6622820409839835
21,0.0
23,0.0
187,1.5271062710831076
23,0.0
23,0.0
171,1.3343862799412847
124,1.0764137020118238
130,1.5847635251296974
23,0.0
21,0.0
23,0.0
23,0.0
187,1.5271062710831076
23,0.0
52,0.7397003733882802
74,0.6689717585696803
23,0.0
51,0.7471720943315961
146,1.4849889234543674
69,0.6894490858690777
23,0.0
23,0.0
212,1.6665818398583334
23,0.0
23,0.0
23,0.0
21,0.0
244,2.1808675771814268
68,0.6964132180495735
21,0.0
21,0.0
23,0.0
201,2.2853865720783735
86,1.265296860913842
68,0.6964132180495735
23,0.0
21,0.0
23,0.0
245,2.1798461928914423
23,0.0
23,0.0
23,0.0
176,2.1264438628785873
84,1.275968598595465
23,0.0
67,0.7034476949995692
54,0.7323033696543974
102,1.2420107539318035
50,0.7547192872036325
69,0.6894490858690777
52,0.7471720943315961
152,1.5449964292157838
201,2.2853865720783735
53,0.7397003733882802
23,0.0
54,0.7323033696543974
21,0.0
171,1.3276289894506819
23,0.0
69,0.6894490858690777
23,0.0
51,0.7471720943315961
23,0.0
23,0.0
49,0.7547192872036325
51,0.7471720943315961
120,1.1065699658022983
275,2.495982165312983
23,0.0
21,0.0
117,1.1081447183990414
21,0.0
82,1.294328736722357
71,0.6757290490602831
97,1.1553298610388714
23,0.0
23,0.0
245,2.1798461928914423
23,0.0
23,0.0
23,0.0
23,0.0
100,1.252057983118666
120,1.0928499289935034
104,1.1120197401958531
71,0.682554595010387
84,1.275968598595465
194,1.945727447288772
167,1.368267914787794
102,1.2420107539318035
72,0.6757290490602831
75,0.6689717585696803
165,1.3530185679746762
121,1.0711022154065328
74,0.6622820409839835
23,0.0
74,0.6689717585696803
70,0.682554595010387
149,1.5637190645678083
23,0.0
73,0.6689717585696803
23,0.0
51,0.7471720943315961
23,0.0
53,0.7397003733882802
54,0.7323033696543974
55,0.7323033696543974
201,2.2853865720783735
53,0.7397003733882802
52,0.7397003733882802
54,0.7323033696543974
55,0.7323033696543974
244,2.1808675771814268
153,1.7399576708733966
71,0.682554595010387
73,0.6689717585696803
72,0.6757290490602831
185,1.5378231319232225
74,0.6622820409839835
23,0.0
23,0.0
23,0.0
176,2.1264438628785873
100,1.1323387968041978
23,0.0
21,0.0
53,0.7397003733882802
176,2.1264438628785873
102,1.234539032988487
23,0.0
130,1.600771237504745
21,0.0
275,2.495982165312983
96,1.1787877370052764
23,0.0
23,0.0
23,0.0
245,2.1798461928914423
102,1.2420107539318035
69,0.6894490858690777
71,0.682554595010387
50,0.7547192872036325
171,1.3301525960815757
119,1.1107833080238458
21,0.0
71,0.6757290490602831
74,0.6622820409839835
215,1.6449719262257767
49,0.7547192872036325
23,0.0
21,0.0
21,0.0
139,1.9563964377054104
51,0.7471720943315961
53,0.7397003733882802
90,1.2474404870782008
23,0.0
117,1.673753249191934
51,0.7471720943315961
69,0.6894490858690777
50,0.7547192872036325
72,0.682554595010387
199,2.2853865720783735
53,0.7397003733882802
23,0.0
71,0.6757290490602831
85,1.2632089126095103
98,1.1553298610388714
121,1.0913747694329363
72,0.6757290490602831
74,0.6757290490602831
75,0.6689717585696803
103,1.2370623673358012
100,1.150671053287173
72,0.682554595010387
71,0.682554595010387
72,0.6757290490602831
141,1.9428978935770778
23,0.0
51,0.7471720943315961
23,0.0
21,0.0
151,1.9241438357498102
120,1.6425335078373464
55,0.7323033696543974
58,1.3422704769001415
23,0.0
176,2.1264438628785873
68,0.6964132180495735
53,0.7397003733882802
23,0.0
23,0.0
189,1.5390022532573713
50,0.7547192872036325
49,0.7547192872036325
23,0.0
23,0.0
224,2.409015606214736
53,0.7397003733882802
23,0.0
23,0.0
23,0.0
23,0.0
84,1.2888571702984495
71,0.6757290490602831
23,0.0
23,0.0
171,1.5799465155062353
74,0.6622820409839835
71,0.682554595010387
72,0.6757290490602831
23,0.0
129,1.5898123840175677
84,1.275968598595465
21,0.0
69,0.6894490858690777
51,0.7471720943315961
102,1.2420107539318035
116,1.1193380993929711
49,0.7547192872036325
23,0.0
23,0.0
195,1.9305234606491508
100,1.150671053287173
49,0.7547192872036325
72,0.6757290490602831
51,0.7471720943315961
82,1.294328736722357
23,0.0
53,0.7397003733882802
51,0.7471720943315961
23,0.0
115,1.6815681986562545
52,0.7397003733882802
23,0.0
101,1.1323387968041978
23,0.0
168,1.6290638630694072
133,1.569733511369607
21,0.0
23,0.0
49,0.7547192872036325
130,1.5847635251296974
23,0.0
23,0.0
121,1.0886787201941712
23,0.0
72,0.6689717585696803
129,1.588175185744837
98,1.1622939932193666
23,0.0
23,0.0
193,1.9491209431634744
131,1.485047910177086
71,0.682554595010387
23,0.0
23,0.0
199,2.287430006695836
53,0.7397003733882802
54,0.7323033696543974
156,1.5058675477510346
44,0.7249803359578534
51,0.7471720943315961
100,1.1460588336129927
71,0.6757290490602831
21,0.0
21,0.0
152,1.9189681350683927
84,1.275968598595465
54,0.7323033696543974
21,0.0
55,0.7323033696543974
51,0.7471720943315961
103,1.1120197401958531
49,0.7547192872036325
69,0.6894490858690777
70,0.6894490858690777
168,1.6196677152974033
120,1.1065699658022983
23,0.0
125,1.0629666939355242
23,0.0
100,1.252057983118666
23,0.0
72,0.6689717585696803
75,0.6556592205741436
70,0.682554595010387
117,1.6629737161801936
101,1.2395374032874793
23,0.0
23,0.0
23,0.0
149,1.4408832674388492
153,1.8870775593667037
54,0.7323033696543974
55,0.7323033696543974
44,0.7249803359578534
51,0.7471720943315961
23,0.0
82,1.294328736722357
101,1.2395374032874793
23,0.0
193,1.9491209431634744
68,0.6964132180495735
135,1.4783938107249768
21,0.0
23,0.0
135,1.9974178253429191
52,0.7397003733882802
23,0.0
21,0.0
23,0.0
220,2.078729148182866
69,0.6894490858690777
51,0.7471720943315961
120,1.0955042661442753
23,0.0
100,1.252057983118666
216,1.6623423551908454
23,0.0
23,0.0
72,0.6757290490602831
244,2.1808675771814268
53,0.7397003733882802
49,0.7547192872036325
175,1.6514011024326216
23,0.0
245,2.1798461928914423
23,0.0
21,0.0
23,0.0
23,0.0
100,1.1323387968041978
117,1.664752516669692
23,0.0
86,1.2578998571799591
23,0.0
245,2.1798461928914423
23,0.0
23,0.0
69,0.6894490858690777
23,0.0
275,2.4943927382209847
23,0.0
23,0.0
23,0.0
53,0.7397003733882802
119,1.1065699658022983
72,0.6757290490602831
121,1.0777919329922294
23,0.0
21,0.0
199,2.287430006695836
53,0.7397003733882802
54,0.7323033696543974
55,0.7323033696543974
44,0.7249803359578534
150,1.4377978227325021
53,0.7397003733882802
21,0.0
54,0.7323033696543974
50,0.7471720943315961
216,1.6461540237831738
170,1.6146214302370077
23,0.0
23,0.0
23,0.0
151,1.9241438357498102
102,1.234539032988487
23,0.0
54,0.7323033696543974
21,0.0
199,2.2853865720783735
53,0.7397003733882802
54,0.7323033696543974
55,0.7323033696543974
52,0.7397003733882802
176,2.1264438628785873
102,1.234539032988487
54,0.7323033696543974
55,0.7323033696543974
44,0.7249803359578534
170,1.3426666438137953
77,0.6556592205741436
78,0.6491026283684022
79,0.6491026283684022
69,0.6894490858690777
98,1.1553298610388714
71,0.6757290490602831
70,0.6894490858690777
51,0.7471720943315961
23,0.0
295,2.2509767449168576
23,0.0
21,0.0
21,0.0
50,0.7547192872036325
131,1.5763876108217165
124,1.0737037312480042
23,0.0
23,0.0
23,0.0
149,1.3693480693095081
122,1.0670140136623072
74,0.6689717585696803
23,0.0
23,0.0
170,1.3477596896898125
23,0.0
23,0.0
23,0.0
123,1.069656411521221
147,1.3750137539976444
148,1.3926440035643097
23,0.0
52,0.7397003733882802
23,0.0
69,0.6894490858690777
118,1.1150392092577324
69,0.6894490858690777
21,0.0
72,0.6757290490602831
53,0.7323033696543974
169,1.3545478779789994
23,0.0
23,0.0
23,0.0
201,2.2853865720783735
53,0.7397003733882802
51,0.7471720943315961
50,0.7547192872036325
23,0.0
201,2.2853865720783735
68,0.6964132180495735
21,0.0
21,0.0
53,0.7397003733882802
23,0.0
115,1.6815681986562545
84,1.275968598595465
23,0.0
23,0.0
220,2.078729148182866
51,0.7471720943315961
99,1.264705033453198
69,0.6964132180495735
23,0.0
118,1.097063271215051
52,0.7397003733882802
23,0.0
122,1.0886787201941712
72,0.6757290490602831
170,1.6781189910672125
21,0.0
71,0.6757290490602831
23,0.0
122,1.0819214297035684
71,0.6757290490602831
51,0.7471720943315961
71,0.682554595010387
21,0.0
72,0.6757290490602831
238,1.782710046819893
23,0.0
23,0.0
23,0.0
23,0.0
151,1.9241438357498102
84,1.275968598595465
23,0.0
89,1.2526438923047036
55,0.7323033696543974
23,0.0
168,1.6824818127276058
124,1.0670140136623072
23,0.0
23,0.0
98,1.1553298610388714
53,0.7397003733882802
149,1.3787175635286666
21,0.0
72,0.6757290490602831
51,0.7471720943315961
53,0.7397003733882802
54,0.7323033696543974
23,0.0
23,0.0
151,1.4234198445051771
70,0.682554595010387
23,0.0
23,0.0
23,0.0
23,0.0
23,0.0
23,0.0
23,0.0
23,0.0
23,0.0
82,1.3018759295943934
23,0.0
51,0.7471720943315961
21,0.0
119,1.097063271215051
51,0.7471720943315961
50,0.7547192872036325
69,0.6894490858690777
72,0.6757290490602831
82,1.294328736722357
84,1.275968598595465
54,0.7323033696543974
55,0.7323033696543974
23,0.0
23,0.0
21,0.0
21,0.0
96,1.1669998596352236
69,0.6894490858690777
171,1.6611889725110334
23,0.0
23,0.0
23,0.0
23,0.0
170,1.652081155376419
51,0.7471720943315961
69,0.6894490858690777
53,0.7397003733882802
74,0.6689717585696803
149,1.4569798408148318
50,0.7547192872036325
23,0.0
23,0.0
23,0.0
84,1.2888571702984495
51,0.7471720943315961
69,0.6894490858690777
119,1.0996754749436073
72,0.6757290490602831
224,2.409015606214736
23,0.0
23,0.0
53,0.7397003733882802
23,0.0
224,2.409015606214736
23,0.0
49,0.7547192872036325
23,0.0
23,0.0
224,2.409015606214736
53,0.7397003733882802
21,0.0
23,0.0
23,0.0
117,1.1081447183990414
73,0.6689717585696803
103,1.105330022610156
122,1.0777919329922294
52,0.7397003733882802
174,1.5734228496281408
51,0.7471720943315961
122,1.0670140136623072
21,0.0
169,1.3545852356399162
149,1.44549548711303
51,0.7471720943315961
73,0.6689717585696803
51,0.7471720943315961
102,1.2420107539318035
120,1.1065699658022983
51,0.7471720943315961
72,0.6757290490602831
121,1.0819214297035684
23,0.0
224,2.409015606214736
23,0.0
118,1.1150392092577324
23,0.0
72,0.682554595010387
100,1.1323387968041978
23,0.0
69,0.6894490858690777
51,0.7471720943315961
23,0.0
167,1.3794235607706973
51,0.7471720943315961
75,0.6622820409839835
51,0.7471720943315961
23,0.0
115,1.6815681986562545
52,0.7397003733882802
69,0.6894490858690777
50,0.7547192872036325
70,0.682554595010387
153,1.8312973715180265
104,1.2295906463924855
23,0.0
67,0.7034476949995692
23,0.0
23,0.0
21,0.0
148,1.3884306613427615
51,0.7471720943315961
122,1.0886787201941712
224,2.409015606214736
23,0.0
96,1.1787877370052764
23,0.0
23,0.0
245,2.1798461928914423
53,0.7397003733882802
23,0.0
53,0.7397003733882802
21,0.0
51,0.7471720943315961
53,0.7397003733882802
70,0.682554595010387
23,0.0
54,0.7323033696543974
169,1.778593512273888
51,0.7471720943315961
21,0.0
155,1.4470576406863813
71,0.682554595010387
23,0.0
145,1.4238252028334266
51,0.7471720943315961
102,1.1232522628240942
21,0.0
275,2.495982165312983
23,0.0
23,0.0
53,0.7397003733882802
54,0.7323033696543974
151,1.9241438357498102
102,1.234539032988487
21,0.0
54,0.7323033696543974
55,0.7323033696543974
100,1.252057983118666
103,1.2295906463924855
54,0.7323033696543974
70,0.682554595010387
104,1.2295906463924855
275,2.495982165312983
23,0.0
23,0.0
53,0.7397003733882802
23,0.0
193,1.9491209431634744
69,0.6894490858690777
84,1.275968598595465
120,1.0996754749436073
121,1.0913747694329363
220,2.078729148182866
51,0.7471720943315961
71,0.6757290490602831
23,0.0
23,0.0
245,2.1798461928914423
173,1.3469003276735043
23,0.0
23,0.0
72,0.6757290490602831
224,2.409015606214736
71,0.682554595010387
52,0.7397003733882802
23,0.0
23,0.0
194,1.8313625403665281
23,0.0
23,0.0
23,0.0
23,0.0
190,1.5209578935740256
23,0.0
23,0.0
23,0.0
23,0.0
193,1.9491209431634744
53,0.7397003733882802
50,0.7547192872036325
72,0.682554595010387
71,0.6757290490602831
104,1.2172947399285607
118,1.0903059807244488
50,0.7471720943315961
122,1.0777919329922294
23,0.0
225,2.4077793158733725
23,0.0
149,1.5430835036231376
23,0.0
23,0.0
245,2.1798461928914423
53,0.7397003733882802
100,1.150671053287173
21,0.0
21,0.0
69,0.6894490858690777
72,0.6689717585696803
102,1.1120197401958531
23,0.0
23,0.0
194,1.8313625403665281
23,0.0
23,0.0
23,0.0
23,0.0
195,1.8275038698339943
23,0.0
23,0.0
23,0.0
23,0.0
245,2.1798461928914423
51,0.7471720943315961
100,1.150671053287173
71,0.682554595010387
21,0.0
199,2.287430006695836
71,0.6757290490602831
23,0.0
23,0.0
53,0.7397003733882802
152,1.9189681350683927
53,0.7397003733882802
85,1.2632089126095103
55,0.7323033696543974
44,0.7249803359578534
147,1.3750137539976444
101,1.121015408836156
74,0.6689717585696803
49,0.7547192872036325
123,1.0670140136623072
193,1.7604156325933111
71,0.6757290490602831
103,1.105330022610156
49,0.7547192872036325
23,0.0
52,0.7323033696543974
69,0.6894490858690777
53,0.7397003733882802
23,0.0
23,0.0
154,1.8830755084502344
53,0.7397003733882802
23,0.0
23,0.0
23,0.0
101,1.247009124230795
52,0.7397003733882802
69,0.6894490858690777
71,0.6894490858690777
71,0.6757290490602831
83,1.268571594861582
71,0.6757290490602831
69,0.6894490858690777
23,0.0
23,0.0
275,2.495982165312983
53,0.7397003733882802
23,0.0
23,0.0
23,0.0
118,1.1081447183990414
84,1.2888571702984495
51,0.7471720943315961
103,1.1120197401958531
21,0.0
51,0.7471720943315961
69,0.6894490858690777
99,1.264705033453198
71,0.682554595010387
72,0.6757290490602831
220,2.078729148182866
69,0.6894490858690777
68,0.6964132180495735
142,1.7348021569441294
53,0.7397003733882802
82,1.294328736722357
194,1.9289505568766356
54,0.7323033696543974
21,0.0
23,0.0
220,2.078729148182866
100,1.252057983118666
21,0.0
69,0.6894490858690777
23,0.0
195,1.8154164940088635
191,1.501618817926947
23,0.0
23,0.0
23,0.0
71,0.6757290490602831
170,1.3342820927929144
21,0.0
23,0.0
69,0.6894490858690777
245,2.1798461928914423
51,0.7471720943315961
100,1.150671053287173
71,0.682554595010387
72,0.6757290490602831
72,0.6689717585696803
174,1.6478479138821613
23,0.0
82,1.294328736722357
21,0.0
195,1.8154164940088635
136,1.4300088040149963
23,0.0
23,0.0
104,1.105330022610156
225,2.4077793158733725
53,0.7397003733882802
54,0.7323033696543974
71,0.682554595010387
21,0.0
186,1.5341455211006476
51,0.7471720943315961
74,0.6689717585696803
23,0.0
49,0.7547192872036325
69,0.6894490858690777
121,1.0819214297035684
69,0.6894490858690777
51,0.7471720943315961
126,1.072406855482308
275,2.495982165312983
53,0.7397003733882802
23,0.0
54,0.7323033696543974
23,0.0
102,1.2420107539318035
51,0.7471720943315961
72,0.6689717585696803
23,0.0
53,0.7397003733882802
133,1.4633718851252113
51,0.7471720943315961
72,0.6689717585696803
51,0.7471720943315961
73,0.6689717585696803
100,1.252057983118666
53,0.7397003733882802
98,1.1553298610388714
72,0.6689717585696803
49,0.7547192872036325
69,0.6894490858690777
189,1.5390022532573713
74,0.6622820409839835
23,0.0
23,0.0
194,1.8313625403665281
23,0.0
51,0.7471720943315961
23,0.0
23,0.0
201,2.2853865720783735
53,0.7397003733882802
54,0.7323033696543974
55,0.7323033696543974
71,0.682554595010387
275,2.495982165312983
53,0.7397003733882802
23,0.0
23,0.0
54,0.7323033696543974
51,0.7471720943315961
23,0.0
71,0.6757290490602831
52,0.7397003733882802
72,0.6689717585696803
166,1.3503914421021739
74,0.6622820409839835
23,0.0
23,0.0
23,0.0
170,1.361479726498607
21,0.0
51,0.7471720943315961
73,0.6757290490602831
75,0.6689717585696803
84,1.2632089126095103
154,1.5210783310616511
23,0.0
69,0.6894490858690777
73,0.6757290490602831
84,1.2888571702984495
131,1.485047910177086
74,0.6622820409839835
72,0.6757290490602831
50,0.7547192872036325
164,1.3735109681467472
82,1.294328736722357
23,0.0
23,0.0
23,0.0
170,1.3435884808904806
23,0.0
101,1.121015408836156
74,0.6689717585696803
23,0.0
84,1.2632089126095103
71,0.6757290490602831
73,0.6689717585696803
51,0.7471720943315961
21,0.0
189,1.519335782381656
23,0.0
74,0.6622820409839835
23,0.0
23,0.0
245,2.1798461928914423
100,1.150671053287173
71,0.682554595010387
72,0.6757290490602831
77,0.6622820409839835
194,1.8313625403665281
23,0.0
23,0.0
23,0.0
23,0.0
275,2.495982165312983
53,0.7397003733882802
23,0.0
21,0.0
23,0.0
164,1.3735109681467472
140,1.9844292646695993
21,0.0
21,0.0
98,1.1622939932193666
102,1.2420107539318035
119,1.0996754749436073
51,0.7471720943315961
53,0.7397003733882802
23,0.0
245,2.1798461928914423
51,0.7471720943315961
169,1.363143971113192
72,0.6757290490602831
77,0.6622820409839835
200,2.281774144715088
23,0.0
21,0.0
53,0.7397003733882802
21,0.0
369,2.584019223004696
23,0.0
23,0.0
23,0.0
23,0.0
197,1.8181348661033165
23,0.0
23,0.0
23,0.0
23,0.0
131,1.6640583743720843
102,1.234539032988487
54,0.7323033696543974
23,0.0
23,0.0
151,1.9241438357498102
23,0.0
53,0.7397003733882802
54,0.7323033696543974
55,0.7323033696543974
245,2.1798461928914423
51,0.7471720943315961
21,0.0
69,0.6894490858690777
23,0.0
197,1.8175437510411547
132,1.4588057876477722
23,0.0
23,0.0
23,0.0
194,1.8313625403665281
21,0.0
23,0.0
23,0.0
21,0.0
275,2.495982165312983
53,0.7397003733882802
23,0.0
23,0.0
23,0.0
276,2.4938762093806366
23,0.0
53,0.7397003733882802
54,0.7323033696543974
23,0.0
120,1.0928499289935034
98,1.1553298610388714
82,1.294328736722357
21,0.0
23,0.0
115,1.6815681986562545
100,1.150671053287173
71,0.682554595010387
21,0.0
23,0.0
102,1.2420107539318035
72,0.6689717585696803
74,0.6622820409839835
23,0.0
23,0.0
201,2.2853865720783735
23,0.0
49,0.7547192872036325
100,1.1323387968041978
74,0.6689717585696803
322,2.550208023417046
23,0.0
23,0.0
23,0.0
23,0.0
173,1.5665308362398092
102,1.2420107539318035
75,0.6622820409839835
21,0.0
69,0.6894490858690777
23,0.0
191,1.5166564722900586
69,0.6894490858690777
74,0.6757290490602831
77,0.6556592205741436
151,1.9241438357498102
50,0.7547192872036325
21,0.0
23,0.0
53,0.7397003733882802
192,1.5175783093667439
23,0.0
69,0.6894490858690777
102,1.2420107539318035
23,0.0
194,1.8313625403665281
23,0.0
23,0.0
23,0.0
23,0.0
295,2.2509767449168576
69,0.6894490858690777
21,0.0
52,0.7397003733882802
21,0.0
275,2.495982165312983
53,0.7397003733882802
23,0.0
23,0.0
69,0.6964132180495735
166,1.3503914421021739
74,0.6689717585696803
23,0.0
23,0.0
23,0.0
225,2.409015606214736
23,0.0
53,0.7397003733882802
23,0.0
23,0.0
189,1.5235069911809886
51,0.7471720943315961
23,0.0
23,0.0
23,0.0
156,1.7107105710190806
23,0.0
23,0.0
23,0.0
56,0.7249803359578534
194,1.8313625403665281
23,0.0
23,0.0
23,0.0
23,0.0
245,2.1798461928914423
69,0.6894490858690777
51,0.7471720943315961
72,0.682554595010387
23,0.0
194,1.8209033119571094
23,0.0
23,0.0
21,0.0
21,0.0
170,1.652081155376419
23,0.0
23,0.0
23,0.0
23,0.0
245,2.1798461928914423
69,0.6894490858690777
21,0.0
23,0.0
70,0.6894490858690777
189,1.5185619100422807
69,0.6894490858690777
75,0.6622820409839835
72,0.6757290490602831
23,0.0
225,2.4077793158733725
53,0.7397003733882802
21,0.0
54,0.7323033696543974
21,0.0
152,1.541391145244135
69,0.6894490858690777
21,0.0
23,0.0
23,0.0
153,1.4317191881165299
72,0.6757290490602831
70,0.6894490858690777
23,0.0
23,0.0
23,0.0
200,2.2853865720783735
53,0.7397003733882802
54,0.7323033696543974
55,0.7323033696543974
194,1.8313625403665281
21,0.0
23,0.0
23,0.0
23,0.0
245,2.1798461928914423
100,1.150671053287173
71,0.682554595010387
23,0.0
23,0.0
102,1.2420107539318035
148,1.4739550746685093
23,0.0
23,0.0
23,0.0
225,2.4077793158733725
23,0.0
67,0.7034476949995692
23,0.0
101,1.259605175990702
244,2.1808675771814268
50,0.7547192872036325
51,0.7471720943315961
74,0.6622820409839835
23,0.0
71,0.6757290490602831
72,0.6689717585696803
23,0.0
119,1.1107833080238458
74,0.6622820409839835
51,0.7471720943315961
53,0.7397003733882802
54,0.7323033696543974
55,0.7323033696543974
58,1.3422704769001415
199,2.287430006695836
53,0.7397003733882802
54,0.7323033696543974
71,0.6757290490602831
55,0.7323033696543974
218,2.078729148182866
69,0.6894490858690777
51,0.7471720943315961
176,1.5760993955897236
50,0.7547192872036325
170,1.6582211903420485
106,1.2172947399285607
21,0.0
51,0.7471720943315961
55,0.7323033696543974
102,1.2420107539318035
21,0.0
117,1.664752516669692
55,0.7323033696543974
21,0.0
102,1.2420107539318035
50,0.7547192872036325
69,0.6894490858690777
51,0.7471720943315961
53,0.7397003733882802
186,1.5341455211006476
74,0.6622820409839835
21,0.0
23,0.0
23,0.0
245,2.1798461928914423
100,1.150671053287173
21,0.0
21,0.0
21,0.0
134,1.6476054679803418
71,0.6757290490602831
23,0.0
49,0.7547192872036325
69,0.6894490858690777
295,2.2509767449168576
100,1.150671053287173
71,0.682554595010387
21,0.0
23,0.0
275,2.495982165312983
96,1.1787877370052764
23,0.0
23,0.0
23,0.0
194,1.8313625403665281
23,0.0
23,0.0
23,0.0
21,0.0
170,1.652081155376419
51,0.7471720943315961
68,0.6964132180495735
72,0.6757290490602831
53,0.7397003733882802
134,1.6476054679803418
23,0.0
23,0.0
118,1.0903059807244488
52,0.7397003733882802
275,2.495982165312983
23,0.0
53,0.7397003733882802
54,0.7323033696543974
23,0.0
275,2.495982165312983
23,0.0
23,0.0
53,0.7397003733882802
23,0.0
194,1.8313625403665281
23,0.0
23,0.0
23,0.0
23,0.0
190,1.5302951794701756
73,0.6689717585696803
73,0.6689717585696803
75,0.6689717585696803
74,0.6622820409839835
275,2.495982165312983
53,0.7397003733882802
117,1.126302231573467
23,0.0
23,0.0
220,2.078729148182866
98,1.1553298610388714
71,0.682554595010387
51,0.7471720943315961
23,0.0
218,2.0817608212728547
21,0.0
50,0.7547192872036325
133,1.4817041416081875
23,0.0
169,1.5898882017037235
23,0.0
74,0.6622820409839835
52,0.7397003733882802
23,0.0
225,2.409015606214736
52,0.7397003733882802
117,1.1220033414382282
23,0.0
90,1.2548374908120836
122,1.0845492234828324
71,0.682554595010387
72,0.6757290490602831
74,0.6757290490602831
23,0.0
194,1.8313625403665281
23,0.0
23,0.0
23,0.0
23,0.0
121,1.0777919329922294
69,0.6894490858690777
21,0.0
23,0.0
23,0.0
218,2.0817608212728547
55,0.7323033696543974
23,0.0
23,0.0
23,0.0
194,1.8313625403665281
23,0.0
21,0.0
23,0.0
21,0.0
194,1.8313625403665281
23,0.0
23,0.0
23,0.0
23,0.0
148,1.5536718353809458
122,1.0819214297035684
75,0.6622820409839835
52,0.7397003733882802
69,0.6894490858690777
71,0.6757290490602831
122,1.0819214297035684
125,1.0656495649917055
23,0.0
75,0.6689717585696803
51,0.7471720943315961
52,0.7397003733882802
118,1.0903059807244488
74,0.6622820409839835
21,0.0
194,1.8313625403665281
23,0.0
23,0.0
23,0.0
21,0.0
170,1.3435884808904806
74,0.6622820409839835
50,0.7547192872036325
23,0.0
23,0.0
169,1.3519730319113603
75,0.6622820409839835
21,0.0
75,0.6689717585696803
23,0.0
194,1.8313625403665281
23,0.0
23,0.0
23,0.0
23,0.0
199,2.2853865720783735
53,0.7397003733882802
21,0.0
54,0.7323033696543974
21,0.0
194,1.8313625403665281
23,0.0
23,0.0
23,0.0
21,0.0
71,0.6757290490602831
23,0.0
23,0.0
23,0.0
171,1.3251306188860983
194,1.8313625403665281
23,0.0
23,0.0
23,0.0
23,0.0
194,1.8313625403665281
23,0.0
23,0.0
23,0.0
23,0.0
245,2.1798461928914423
69,0.6894490858690777
100,1.252057983118666
23,0.0
23,0.0
194,1.8313625403665281
23,0.0
23,0.0
23,0.0
23,0.0
51,0.7471720943315961
53,0.7397003733882802
98,1.1553298610388714
21,0.0
52,0.7397003733882802
194,1.8313625403665281
23,0.0
23,0.0
23,0.0
21,0.0
275,2.495982165312983
53,0.7397003733882802
21,0.0
54,0.7323033696543974
23,0.0
195,1.8154164940088635
73,0.6689717585696803
53,0.7397003733882802
51,0.7471720943315961
21,0.0
190,1.537227027989783
23,0.0
74,0.6622820409839835
50,0.7547192872036325
77,0.6556592205741436
151,1.4393554521474008
86,1.278077637286709
23,0.0
70,0.682554595010387
74,0.6622820409839835
51,0.7471720943315961
105,1.2198418299597018
54,0.7323033696543974
151,1.5196991755975817
23,0.0
218,1.9579950034663136
50,0.7547192872036325
23,0.0
23,0.0
23,0.0
295,2.2509767449168576
100,1.150671053287173
71,0.682554595010387
72,0.6757290490602831
77,0.6622820409839835
245,2.1798461928914423
23,0.0
100,1.150671053287173
71,0.682554595010387
23,0.0
23,0.0
119,1.1065699658022983
73,0.6757290490602831
51,0.7471720943315961
121,1.0819214297035684
194,1.8313625403665281
23,0.0
21,0.0
23,0.0
23,0.0
119,1.1065699658022983
21,0.0
170,1.331758486162021
74,0.6622820409839835
23,0.0
102,1.2420107539318035
71,0.6757290490602831
119,1.6463439790183916
55,0.7323033696543974
44,0.7249803359578534
170,1.3342820927929144
74,0.6622820409839835
21,0.0
23,0.0
23,0.0
156,1.8692958961852704
72,0.6689717585696803
21,0.0
23,0.0
23,0.0
199,2.287430006695836
53,0.7397003733882802
54,0.7323033696543974
50,0.7547192872036325
52,0.7397003733882802
119,1.1065699658022983
72,0.6757290490602831
74,0.6622820409839835
77,0.6556592205741436
23,0.0
51,0.7471720943315961
21,0.0
53,0.7397003733882802
54,0.7323033696543974
55,0.7323033696543974
245,2.1798461928914423
101,1.252057983118666
52,0.7397003733882802
23,0.0
23,0.0
245,2.1798461928914423
51,0.7471720943315961
100,1.150671053287173
23,0.0
21,0.0
169,1.6871839308926309
170,1.331758486162021
74,0.6622820409839835
21,0.0
77,0.6556592205741436
115,1.6815681986562545
50,0.7547192872036325
51,0.7471720943315961
100,1.150671053287173
23,0.0
245,2.1798461928914423
23,0.0
100,1.150671053287173
71,0.682554595010387
72,0.6757290490602831
243,2.0617114052611667
23,0.0
21,0.0
21,0.0
70,0.6894490858690777
122,1.0886787201941712
21,0.0
21,0.0
21,0.0
71,0.682554595010387
121,1.0819214297035684
74,0.6622820409839835
129,1.5000483941182687
23,0.0
51,0.7471720943315961
225,2.4077793158733725
53,0.7397003733882802
54,0.7323033696543974
55,0.7323033696543974
58,1.3422704769001415
151,1.9241438357498102
68,0.6964132180495735
53,0.7397003733882802
71,0.6757290490602831
23,0.0
102,1.2420107539318035
68,0.6964132180495735
84,1.275968598595465
54,0.7323033696543974
23,0.0
148,1.3679533340433645
51,0.7471720943315961
23,0.0
53,0.7397003733882802
23,0.0
69,0.6894490858690777
23,0.0
72,0.6689717585696803
23,0.0
98,1.1553298610388714
99,1.1369510164783783
73,0.6689717585696803
21,0.0
23,0.0
23,0.0
149,1.44549548711303
172,1.7550136357975539
23,0.0
23,0.0
23,0.0
392,2.3248941927615916
23,0.0
23,0.0
23,0.0
23,0.0
194,1.9474156688545785
82,1.294328736722357
52,0.7397003733882802
21,0.0
69,0.6894490858690777
220,2.078729148182866
23,0.0
120,1.1107833080238458
102,1.2420107539318035
23,0.0
275,2.495982165312983
53,0.7397003733882802
23,0.0
54,0.7323033696543974
23,0.0
196,1.8291365308176584
23,0.0
23,0.0
72,0.6757290490602831
23,0.0
464,2.3481854587474444
53,0.7397003733882802
21,0.0
21,0.0
21,0.0
51,0.7471720943315961
70,0.682554595010387
53,0.7397003733882802
101,1.2395374032874793
54,0.7323033696543974
245,2.1798461928914423
120,1.1107833080238458
69,0.6894490858690777
23,0.0
23,0.0
195,1.8275038698339943
23,0.0
23,0.0
21,0.0
23,0.0
194,1.8313625403665281
21,0.0
23,0.0
23,0.0
23,0.0
84,1.2888571702984495
131,1.5772918041863815
51,0.7471720943315961
21,0.0
23,0.0
195,1.8275038698339943
136,1.426531097174947
23,0.0
23,0.0
23,0.0
162,1.3900923589049654
23,0.0
121,1.0777919329922294
23,0.0
23,0.0
102,1.2420107539318035
53,0.7397003733882802
54,0.7323033696543974
71,0.6757290490602831
21,0.0
245,2.1798461928914423
169,1.341039383283517
50,0.7547192872036325
23,0.0
21,0.0
171,1.6636739351529224
23,0.0
23,0.0
49,0.7547192872036325
170,1.331758486162021
245,2.1798461928914423
23,0.0
84,1.2888571702984495
23,0.0
23,0.0
275,2.495982165312983
98,1.2698564046274354
23,0.0
21,0.0
21,0.0
169,1.3640545725662472
52,0.7397003733882802
72,0.6689717585696803
23,0.0
74,0.6622820409839835
149,1.3677208087792305
74,0.6622820409839835
77,0.6556592205741436
69,0.6894490858690777
21,0.0
225,2.4077793158733725
53,0.7397003733882802
54,0.7323033696543974
23,0.0
71,0.682554595010387
345,2.2948849334019292
23,0.0
100,1.150671053287173
121,1.0996754749436073
67,0.7034476949995692
193,1.9491209431634744
50,0.7547192872036325
119,1.1150392092577324
69,0.6894490858690777
21,0.0
244,2.1818992784844435
100,1.150671053287173
71,0.682554595010387
23,0.0
122,1.0886787201941712
189,1.5210997720256136
51,0.7471720943315961
23,0.0
23,0.0
23,0.0
151,1.853309506010434
23,0.0
23,0.0
67,0.7034476949995692
23,0.0
51,0.7471720943315961
119,1.1065699658022983
51,0.7471720943315961
105,1.2370623673358012
74,0.6622820409839835
71,0.6757290490602831
125,1.0656495649917055
73,0.6689717585696803
124,1.0777919329922294
74,0.6622820409839835
169,1.6871839308926309
73,0.6689717585696803
23,0.0
23,0.0
74,0.6689717585696803
295,2.2509767449168576
23,0.0
23,0.0
121,1.102398757002966
23,0.0
131,1.6640583743720843
23,0.0
53,0.7397003733882802
54,0.7323033696543974
52,0.7397003733882802
169,1.5898882017037235
74,0.6622820409839835
123,1.056343873525684
78,0.6491026283684022
73,0.6689717585696803
170,1.3435884808904806
102,1.2420107539318035
96,1.1717532600552802
23,0.0
21,0.0
118,1.0903059807244488
101,1.121015408836156
74,0.6622820409839835
72,0.6757290490602831
74,0.6757290490602831
233,1.791170932891436
23,0.0
49,0.7547192872036325
74,0.6622820409839835
123,1.0670140136623072
23,0.0
167,1.795866136410514
84,1.2888571702984495
21,0.0
23,0.0
176,2.1264438628785873
53,0.7397003733882802
54,0.7323033696543974
71,0.6757290490602831
68,0.6964132180495735
51,0.7471720943315961
151,1.5732495040878494
53,0.7397003733882802
54,0.7323033696543974
55,0.7323033696543974
121,1.0777919329922294
75,0.6622820409839835
23,0.0
77,0.6556592205741436
23,0.0
172,1.7611536707631834
23,0.0
23,0.0
23,0.0
23,0.0
225,2.4077793158733725
53,0.7397003733882802
54,0.7323033696543974
55,0.7323033696543974
105,1.2051217925292752
245,2.1798461928914423
51,0.7471720943315961
21,0.0
52,0.7397003733882802
23,0.0
121,1.0777919329922294
75,0.6622820409839835
77,0.6556592205741436
53,0.7397003733882802
53,0.7397003733882802
194,1.8313625403665281
23,0.0
23,0.0
23,0.0
21,0.0
295,2.2509767449168576
84,1.275968598595465
23,0.0
23,0.0
23,0.0
345,2.2948849334019292
71,0.6757290490602831
50,0.7547192872036325
50,0.7547192872036325
21,0.0
185,1.5378231319232225
21,0.0
21,0.0
52,0.7397003733882802
21,0.0
185,1.5378231319232225
21,0.0
21,0.0
52,0.7397003733882802
52,0.7397003733882802
176,2.1264438628785873
68,0.6964132180495735
53,0.7397003733882802
54,0.7323033696543974
23,0.0
275,2.495982165312983
53,0.7397003733882802
54,0.7323033696543974
23,0.0
23,0.0
224,2.409015606214736
23,0.0
23,0.0
23,0.0
23,0.0
99,1.1369510164783783
51,0.7471720943315961
23,0.0
23,0.0
23,0.0
189,1.537227027989783
23,0.0
170,1.331758486162021
53,0.7323033696543974
23,0.0
150,1.3581730974027764
131,1.6640583743720843
23,0.0
69,0.6894490858690777
50,0.7547192872036325
176,2.1264438628785873
119,1.6463439790183916
55,0.7323033696543974
76,0.6622820409839835
50,0.7547192872036325
259,1.8761059004964615
74,0.6622820409839835
21,0.0
77,0.6556592205741436
78,0.6491026283684022
344,2.2948849334019292
100,1.150671053287173
70,0.6894490858690777
72,0.6757290490602831
77,0.6622820409839835
150,1.3581730974027764
51,0.7471720943315961
72,0.6757290490602831
72,0.6757290490602831
23,0.0
176,2.1264438628785873
53,0.7397003733882802
23,0.0
54,0.7323033696543974
51,0.7471720943315961
118,1.097063271215051
21,0.0
68,0.6964132180495735
121,1.0819214297035684
21,0.0
193,1.9474156688545785
51,0.7471720943315961
21,0.0
52,0.7397003733882802
23,0.0
152,1.9189681350683927
53,0.7397003733882802
54,0.7323033696543974
23,0.0
23,0.0
69,0.6894490858690777
72,0.682554595010387
71,0.682554595010387
72,0.6757290490602831
21,0.0
295,2.2509767449168576
131,1.485047910177086
71,0.682554595010387
23,0.0
23,0.0
23,0.0
98,1.1553298610388714
53,0.7397003733882802
49,0.7547192872036325
51,0.7471720943315961
275,2.495982165312983
169,1.804890365119386
53,0.7397003733882802
54,0.7323033696543974
55,0.7323033696543974
99,1.1369510164783783
214,1.675307841077256
21,0.0
23,0.0
21,0.0
194,1.8313625403665281
23,0.0
23,0.0
23,0.0
23,0.0
275,2.495982165312983
53,0.7397003733882802
54,0.7323033696543974
23,0.0
23,0.0
99,1.1369510164783783
170,1.361479726498607
51,0.7471720943315961
82,1.294328736722357
53,0.7397003733882802
122,1.0845492234828324
51,0.7471720943315961
21,0.0
84,1.2888571702984495
50,0.7547192872036325
150,1.3581730974027764
51,0.7471720943315961
152,1.5399980589167914
23,0.0
23,0.0
193,1.7721272656295293
23,0.0
23,0.0
23,0.0
23,0.0
84,1.283440319538781
131,1.485047910177086
23,0.0
84,1.275968598595465
71,0.682554595010387
245,2.1798461928914423
21,0.0
21,0.0
102,1.2420107539318035
23,0.0
295,2.2509767449168576
51,0.7471720943315961
71,0.6757290490602831
23,0.0
23,0.0
151,1.9241438357498102
53,0.7397003733882802
21,0.0
52,0.7397003733882802
76,0.6622820409839835
51,0.7471720943315961
84,1.275968598595465
23,0.0
23,0.0
23,0.0
295,2.2509767449168576
23,0.0
23,0.0
23,0.0
23,0.0
201,2.2853865720783735
53,0.7397003733882802
23,0.0
54,0.7323033696543974
68,0.6964132180495735
99,1.1369510164783783
69,0.6894490858690777
51,0.7471720943315961
72,0.6689717585696803
74,0.6622820409839835
99,1.1369510164783783
70,0.6894490858690777
82,1.294328736722357
23,0.0
23,0.0
224,2.4102643843373275
153,1.533919424300819
21,0.0
54,0.7323033696543974
21,0.0
194,1.8313625403665281
23,0.0
23,0.0
23,0.0
23,0.0
199,2.287430006695836
53,0.7397003733882802
23,0.0
54,0.7323033696543974
23,0.0
171,1.6636739351529224
53,0.7397003733882802
50,0.7547192872036325
84,1.2964043631704858
23,0.0
194,1.8313625403665281
21,0.0
23,0.0
23,0.0
21,0.0
116,1.1193380993929711
170,1.3384533015922466
77,0.6556592205741436
23,0.0
23,0.0
225,2.409015606214736
137,1.6257667310484658
23,0.0
69,0.6894490858690777
23,0.0
119,1.1065699658022983
123,1.069656411521221
122,1.0819214297035684
23,0.0
23,0.0
23,0.0
84,1.2888571702984495
21,0.0
100,1.1255815063135945
21,0.0
221,1.9565498684964182
150,1.3581730974027764
23,0.0
23,0.0
74,0.6622820409839835
102,1.2420107539318035
21,0.0
103,1.2295906463924855
54,0.7323033696543974
55,0.7323033696543974
344,2.2948849334019292
51,0.7471720943315961
23,0.0
23,0.0
23,0.0
151,1.9241438357498102
53,0.7397003733882802
21,0.0
53,0.7397003733882802
23,0.0
71,0.6757290490602831
71,0.682554595010387
23,0.0
23,0.0
51,0.7471720943315961
23,0.0
51,0.7471720943315961
53,0.7397003733882802
51,0.7471720943315961
72,0.6689717585696803
186,1.5341455211006476
51,0.7471720943315961
53,0.7397003733882802
74,0.6622820409839835
23,0.0
170,1.361479726498607
51,0.7471720943315961
23,0.0
21,0.0
21,0.0
246,2.063793064403391
23,0.0
23,0.0
23,0.0
23,0.0
194,1.8313625403665281
23,0.0
23,0.0
23,0.0
21,0.0
71,0.6757290490602831
83,1.2964043631704858
101,1.1277726993267583
51,0.7471720943315961
74,0.6757290490602831
245,2.1798461928914423
174,1.5665113329626257
72,0.6757290490602831
77,0.6622820409839835
53,0.6556592205741436
218,1.9657076927848056
51,0.7471720943315961
53,0.7397003733882802
23,0.0
53,0.7397003733882802
23,0.0
122,1.0886787201941712
51,0.7471720943315961
51,0.7471720943315961
50,0.7547192872036325
71,0.6757290490602831
102,1.2420107539318035
52,0.7397003733882802
121,1.0711022154065328
23,0.0
344,2.2948849334019292
51,0.7471720943315961
23,0.0
23,0.0
23,0.0
344,2.2948849334019292
51,0.7471720943315961
23,0.0
23,0.0
23,0.0
100,1.252057983118666
51,0.7471720943315961
21,0.0
56,0.7177305325982748
23,0.0
275,2.495982165312983
23,0.0
21,0.0
53,0.7397003733882802
54,0.7323033696543974
23,0.0
171,1.6636739351529224
122,1.0819214297035684
21,0.0
21,0.0
51,0.7471720943315961
71,0.6757290490602831
23,0.0
53,0.7397003733882802
54,0.7323033696543974
171,1.6636739351529224
53,0.7397003733882802
175,1.6144997793404483
74,0.6622820409839835
23,0.0
149,1.44549548711303
51,0.7471720943315961
21,0.0
51,0.7471720943315961
69,0.6894490858690777
186,1.5341455211006476
51,0.7471720943315961
53,0.7397003733882802
92,1.6809066177138736
23,0.0
198,1.9364874007755428
23,0.0
23,0.0
51,0.7471720943315961
23,0.0
169,1.6625403837858364
74,0.6622820409839835
23,0.0
23,0.0
23,0.0
172,1.6582211903420485
23,0.0
23,0.0
23,0.0
23,0.0
344,2.2948849334019292
71,0.6757290490602831
23,0.0
23,0.0
23,0.0
23,0.0
51,0.7471720943315961
70,0.682554595010387
53,0.7397003733882802
23,0.0
224,2.409015606214736
23,0.0
67,0.7034476949995692
53,0.7397003733882802
21,0.0
102,1.2420107539318035
21,0.0
53,0.7397003733882802
23,0.0
23,0.0
170,1.3426666438137953
77,0.6556592205741436
78,0.6491026283684022
79,0.6491026283684022
23,0.0
275,2.495982165312983
23,0.0
53,0.7397003733882802
54,0.7323033696543974
23,0.0
196,1.8291365308176584
23,0.0
23,0.0
23,0.0
23,0.0
101,1.121015408836156
23,0.0
23,0.0
23,0.0
23,0.0
194,1.8313625403665281
21,0.0
23,0.0
23,0.0
23,0.0
23,0.0
170,1.7654296722725336
53,0.7397003733882802
23,0.0
23,0.0
224,2.409015606214736
52,0.7397003733882802
53,0.7397003733882802
102,1.1277726993267583
55,0.7323033696543974
295,2.2509767449168576
99,1.264705033453198
69,0.6964132180495735
69,0.6894490858690777
72,0.682554595010387
193,1.8313625403665281
23,0.0
21,0.0
73,0.6689717585696803
23,0.0
131,1.485047910177086
72,0.6689717585696803
74,0.6622820409839835
21,0.0
23,0.0
72,0.6689717585696803
23,0.0
51,0.7471720943315961
53,0.7397003733882802
23,0.0
275,2.495982165312983
53,0.7397003733882802
54,0.7323033696543974
55,0.7323033696543974
68,0.6964132180495735
185,1.5378231319232225
98,1.1669998596352236
74,0.6689717585696803
21,0.0
23,0.0
275,2.495982165312983
23,0.0
23,0.0
23,0.0
23,0.0
71,0.6757290490602831
49,0.7547192872036325
102,1.2420107539318035
21,0.0
23,0.0
225,2.4077793158733725
53,0.7397003733882802
54,0.7323033696543974
55,0.7323033696543974
44,0.7249803359578534
225,2.4077793158733725
53,0.7397003733882802
53,0.7397003733882802
55,0.7323033696543974
21,0.0
275,2.495982165312983
147,1.4967768008244198
23,0.0
23,0.0
53,0.7397003733882802
194,1.8313625403665281
21,0.0
23,0.0
51,0.7471720943315961
23,0.0
225,2.409015606214736
50,0.7547192872036325
21,0.0
100,1.1323387968041978
23,0.0
295,2.2509767449168576
120,1.1107833080238458
21,0.0
23,0.0
23,0.0
189,1.5390022532573713
74,0.6622820409839835
23,0.0
23,0.0
23,0.0
71,0.6757290490602831
51,0.7471720943315961
53,0.7397003733882802
23,0.0
72,0.6757290490602831
149,1.44549548711303
51,0.7471720943315961
53,0.7397003733882802
23,0.0
53,0.7397003733882802
193,1.8330678146754247
23,0.0
23,0.0
72,0.6757290490602831
23,0.0
194,1.8313625403665281
21,0.0
23,0.0
23,0.0
23,0.0
194,1.8313625403665281
23,0.0
23,0.0
23,0.0
23,0.0
149,1.4408832674388492
51,0.7471720943315961
52,0.7397003733882802
105,1.2246917436624432
70,0.6894490858690777
344,2.2948849334019292
49,0.7547192872036325
23,0.0
21,0.0
21,0.0
23,0.0
51,0.7471720943315961
119,1.103888817165155
51,0.7471720943315961
21,0.0
100,1.1323387968041978
49,0.7547192872036325
23,0.0
21,0.0
96,1.1717532600552802
84,1.283440319538781
23,0.0
98,1.150671053287173
71,0.682554595010387
50,0.7547192872036325
275,2.495982165312983
53,0.7397003733882802
21,0.0
23,0.0
96,1.1787877370052764
86,1.278077637286709
51,0.7471720943315961
69,0.6894490858690777
53,0.7397003733882802
23,0.0
295,2.2509767449168576
51,0.7471720943315961
50,0.7547192872036325
83,1.2813854493551335
100,1.150671053287173
82,1.294328736722357
50,0.7547192872036325
53,0.7397003733882802
151,1.3898253966089054
151,1.4324822444432195
275,2.495982165312983
102,1.234539032988487
23,0.0
21,0.0
23,0.0
224,2.409015606214736
23,0.0
49,0.7547192872036325
23,0.0
98,1.1740343365852188
225,2.4077793158733725
53,0.7397003733882802
53,0.7397003733882802
21,0.0
23,0.0
98,1.1553298610388714
104,1.2172947399285607
68,0.6964132180495735
21,0.0
21,0.0
148,1.3679533340433645
69,0.6894490858690777
74,0.6622820409839835
23,0.0
21,0.0
51,0.7471720943315961
51,0.7471720943315961
50,0.7547192872036325
71,0.6757290490602831
21,0.0
322,2.550755759357491
23,0.0
96,1.1787877370052764
23,0.0
23,0.0
102,1.2420107539318035
115,1.6686796269532695
23,0.0
23,0.0
23,0.0
134,1.6476054679803418
120,1.1065699658022983
21,0.0
52,0.7397003733882802
23,0.0
344,2.2948849334019292
69,0.6894490858690777
23,0.0
23,0.0
23,0.0
147,1.3750137539976444
52,0.7397003733882802
122,1.102398757002966
23,0.0
74,0.6622820409839835
186,1.533347960411235
52,0.7471720943315961
74,0.6622820409839835
23,0.0
23,0.0
194,1.8313625403665281
23,0.0
23,0.0
23,0.0
23,0.0
116,1.1193380993929711
119,1.0860926385029004
72,0.6757290490602831
74,0.6622820409839835
77,0.6556592205741436
69,0.6894490858690777
120,1.0996754749436073
124,1.0777919329922294
74,0.6622820409839835
77,0.6556592205741436
344,2.2948849334019292
51,0.7471720943315961
23,0.0
23,0.0
23,0.0
170,1.776444767796828
50,0.7547192872036325
53,0.7397003733882802
135,1.4783938107249768
23,0.0
194,1.8313625403665281
23,0.0
23,0.0
23,0.0
23,0.0
246,1.9825194846965835
21,0.0
23,0.0
21,0.0
21,0.0
155,1.7348849666355386
119,1.0860926385029004
74,0.6622820409839835
72,0.6757290490602831
23,0.0
275,2.495982165312983
53,0.7397003733882802
54,0.7323033696543974
55,0.7323033696543974
23,0.0
169,1.6625403837858364
51,0.7471720943315961
53,0.7397003733882802
53,0.7397003733882802
73,0.6689717585696803
153,1.4317191881165299
23,0.0
120,1.1107833080238458
77,0.6556592205741436
23,0.0
99,1.1369510164783783
51,0.7471720943315961
53,0.7397003733882802
53,0.7397003733882802
23,0.0
99,1.1369510164783783
82,1.2888571702984495
51,0.7471720943315961
23,0.0
53,0.7397003733882802
23,0.0
49,0.7547192872036325
175,1.7303206955379322
23,0.0
23,0.0
275,2.495982165312983
53,0.7397003733882802
54,0.7323033696543974
71,0.6757290490602831
55,0.7323033696543974
194,1.8313625403665281
23,0.0
23,0.0
23,0.0
23,0.0
99,1.1369510164783783
101,1.1164949723334907
51,0.7471720943315961
75,0.6622820409839835
23,0.0
275,2.495982165312983
84,1.275968598595465
23,0.0
72,0.6689717585696803
23,0.0
194,1.8313625403665281
23,0.0
23,0.0
23,0.0
23,0.0
225,2.4077793158733725
53,0.7397003733882802
53,0.7397003733882802
55,0.7323033696543974
23,0.0
344,2.2948849334019292
51,0.7471720943315961
23,0.0
23,0.0
23,0.0
275,2.495982165312983
53,0.7397003733882802
23,0.0
71,0.6757290490602831
54,0.7323033696543974
194,1.8313625403665281
23,0.0
23,0.0
23,0.0
23,0.0
51,0.7471720943315961
102,1.234539032988487
54,0.7323033696543974
21,0.0
55,0.7323033696543974
194,1.8313625403665281
23,0.0
23,0.0
23,0.0
21,0.0
199,2.287430006695836
53,0.7397003733882802
54,0.7323033696543974
71,0.6757290490602831
55,0.7323033696543974
172,1.749883606978895
124,1.069656411521221
75,0.6622820409839835
23,0.0
23,0.0
121,1.0777919329922294
23,0.0
69,0.6894490858690777
75,0.6622820409839835
70,0.682554595010387
185,1.5378231319232225
74,0.6622820409839835
23,0.0
23,0.0
23,0.0
169,1.6625403837858364
53,0.7397003733882802
23,0.0
72,0.6757290490602831
23,0.0
245,2.1798461928914423
120,1.1107833080238458
23,0.0
70,0.6894490858690777
23,0.0
225,2.4074261791227385
23,0.0
49,0.7547192872036325
53,0.7397003733882802
101,1.247009124230795
171,1.3301525960815757
77,0.6556592205741436
78,0.6491026283684022
79,0.6491026283684022
23,0.0
185,1.5378231319232225
74,0.6622820409839835
23,0.0
23,0.0
23,0.0
344,2.2948849334019292
71,0.6757290490602831
23,0.0
23,0.0
23,0.0
225,2.4077793158733725
23,0.0
53,0.7397003733882802
54,0.7323033696543974
55,0.7323033696543974
169,1.5898882017037235
74,0.6622820409839835
77,0.6556592205741436
78,0.6491026283684022
80,0.6426116020847181
344,2.2948849334019292
51,0.7471720943315961
23,0.0
23,0.0
23,0.0
69,0.6894490858690777
169,1.3520361380329542
100,1.1255815063135945
21,0.0
72,0.6757290490602831
120,1.1107833080238458
51,0.7471720943315961
21,0.0
72,0.6757290490602831
23,0.0
275,2.495982165312983
119,1.6463439790183916
23,0.0
23,0.0
21,0.0
275,2.495982165312983
149,1.4408832674388492
53,0.7397003733882802
54,0.7323033696543974
55,0.7323033696543974
200,2.0908579144021537
23,0.0
23,0.0
23,0.0
23,0.0
98,1.1553298610388714
100,1.259605175990702
102,1.1345982452768628
21,0.0
73,0.6689717585696803
123,1.0845492234828324
69,0.6894490858690777
21,0.0
23,0.0
121,1.0777919329922294
151,1.9241438357498102
53,0.7397003733882802
54,0.7323033696543974
21,0.0
23,0.0
86,1.278077637286709
151,1.5474697798601076
52,0.7397003733882802
21,0.0
53,0.7397003733882802
170,1.778593512273888
23,0.0
23,0.0
23,0.0
23,0.0
148,1.4669909424880136
72,0.6689717585696803
74,0.6622820409839835
21,0.0
23,0.0
166,1.6915908214586846
72,0.6689717585696803
49,0.7547192872036325
103,1.105330022610156
21,0.0
173,1.3292601155974366
82,1.294328736722357
21,0.0
52,0.7397003733882802
23,0.0
102,1.2420107539318035
23,0.0
23,0.0
86,1.265296860913842
23,0.0
86,1.278077637286709
87,1.2706059163433931
53,0.7397003733882802
72,0.682554595010387
69,0.6894490858690777
172,1.6453416786699473
23,0.0
23,0.0
51,0.7471720943315961
23,0.0
344,2.2948849334019292
51,0.7471720943315961
23,0.0
23,0.0
23,0.0
194,1.8313625403665281
21,0.0
23,0.0
51,0.7471720943315961
23,0.0
116,1.1193380993929711
119,1.0860926385029004
49,0.7547192872036325
23,0.0
51,0.7471720943315961
194,1.8313625403665281
23,0.0
23,0.0
23,0.0
23,0.0
201,2.2853865720783735
53,0.7397003733882802
172,1.7173238753597888
23,0.0
23,0.0
23,0.0
84,1.2888571702984495
21,0.0
71,0.6757290490602831
21,0.0
151,1.9241438357498102
53,0.7397003733882802
54,0.7323033696543974
21,0.0
55,0.7323033696543974
23,0.0
169,1.778593512273888
23,0.0
23,0.0
69,0.6894490858690777
344,2.2948849334019292
51,0.7471720943315961
21,0.0
23,0.0
23,0.0
194,1.8313625403665281
23,0.0
23,0.0
23,0.0
23,0.0
119,1.097063271215051
116,1.1193380993929711
51,0.7471720943315961
23,0.0
74,0.6689717585696803
174,2.1284872974960503
105,1.2246917436624432
54,0.7323033696543974
21,0.0
55,0.7323033696543974
344,2.2948849334019292
52,0.7397003733882802
21,0.0
23,0.0
23,0.0
168,1.6862282118544867
72,0.6689717585696803
74,0.6622820409839835
77,0.6556592205741436
23,0.0
102,1.2420107539318035
52,0.7471720943315961
21,0.0
97,1.1669998596352236
101,1.1277726993267583
344,2.2948849334019292
102,1.2420107539318035
23,0.0
121,1.0928499289935034
77,0.6622820409839835
194,1.8313625403665281
23,0.0
23,0.0
23,0.0
23,0.0
170,1.3452105920828497
72,0.6757290490602831
23,0.0
21,0.0
74,0.6689717585696803
164,1.3735109681467472
51,0.7471720943315961
53,0.7397003733882802
23,0.0
23,0.0
23,0.0
134,1.6476054679803418
74,0.6622820409839835
71,0.6757290490602831
72,0.6757290490602831
69,0.6894490858690777
169,1.3520361380329542
23,0.0
72,0.6757290490602831
52,0.7397003733882802
176,2.1264438628785873
21,0.0
187,1.5382870348335276
21,0.0
53,0.7397003733882802
213,1.656642723129754
23,0.0
23,0.0
23,0.0
23,0.0
344,2.2948849334019292
23,0.0
53,0.7397003733882802
23,0.0
23,0.0
23,0.0
98,1.1553298610388714
49,0.7547192872036325
51,0.7471720943315961
84,1.275968598595465
51,0.7471720943315961
71,0.6757290490602831
100,1.259605175990702
21,0.0
68,0.6964132180495735
70,0.682554595010387
68,0.6964132180495735
50,0.7547192872036325
103,1.2370623673358012
23,0.0
117,1.1013191724489382
122,1.0845492234828324
21,0.0
74,0.6622820409839835
23,0.0
70,0.682554595010387
102,1.1300778087741976
82,1.294328736722357
23,0.0
23,0.0
70,0.682554595010387
69,0.6894490858690777
23,0.0
73,0.6689717585696803
68,0.6964132180495735
157,1.7129210095209983
119,1.1107833080238458
23,0.0
23,0.0
72,0.6689717585696803
151,1.9241438357498102
53,0.7397003733882802
54,0.7323033696543974
88,1.2474404870782008
147,1.4967768008244198
190,1.5209578935740256
53,0.7397003733882802
155,1.5162284173589098
129,1.5000483941182687
23,0.0
186,1.5341455211006476
74,0.6622820409839835
72,0.6757290490602831
77,0.6556592205741436
23,0.0
169,1.6625403837858364
51,0.7471720943315961
102,1.1164949723334907
74,0.6689717585696803
23,0.0
344,2.2948849334019292
102,1.2420107539318035
100,1.150671053287173
21,0.0
21,0.0
166,1.6915908214586846
23,0.0
72,0.6689717585696803
74,0.6622820409839835
102,1.1345982452768628
151,1.9241438357498102
53,0.7397003733882802
23,0.0
54,0.7323033696543974
23,0.0
103,1.2370623673358012
149,1.5430835036231376
54,0.7323033696543974
21,0.0
23,0.0
185,1.5583155320952946
72,0.6757290490602831
23,0.0
21,0.0
23,0.0
71,0.6757290490602831
51,0.7471720943315961
53,0.7397003733882802
53,0.7397003733882802
104,1.2172947399285607
173,1.638126725233943
23,0.0
21,0.0
51,0.7471720943315961
23,0.0
275,2.495982165312983
96,1.1787877370052764
21,0.0
53,0.7397003733882802
23,0.0
194,1.8253551253569313
23,0.0
51,0.7471720943315961
73,0.6689717585696803
23,0.0
275,2.495982165312983
53,0.7397003733882802
54,0.7323033696543974
55,0.7323033696543974
23,0.0
84,1.283440319538781
23,0.0
23,0.0
23,0.0
23,0.0
151,1.9241438357498102
53,0.7397003733882802
52,0.7397003733882802
23,0.0
53,0.7397003733882802
165,1.3530185679746762
74,0.6689717585696803
74,0.6622820409839835
72,0.6757290490602831
23,0.0
275,2.495982165312983
53,0.7397003733882802
54,0.7323033696543974
55,0.7323033696543974
23,0.0
194,1.8253551253569313
23,0.0
51,0.7471720943315961
73,0.6689717585696803
23,0.0
51,0.7471720943315961
50,0.7547192872036325
23,0.0
51,0.7471720943315961
53,0.7397003733882802
134,1.6476054679803418
23,0.0
23,0.0
23,0.0
23,0.0
23,0.0
151,1.4301771349957797
69,0.6894490858690777
72,0.6757290490602831
23,0.0
23,0.0
53,0.7323033696543974
69,0.6894490858690777
119,1.0860926385029004
23,0.0
51,0.7471720943315961
23,0.0
23,0.0
23,0.0
72,0.6689717585696803
51,0.7471720943315961
133,1.6383406164559626
23,0.0
23,0.0
23,0.0
51,0.7471720943315961
52,0.7397003733882802
21,0.0
53,0.7397003733882802
79,1.2422891159039628
51,0.7471720943315961
100,1.150671053287173
71,0.682554595010387
23,0.0
23,0.0
82,1.294328736722357
69,0.6894490858690777
23,0.0
119,1.1065699658022983
23,0.0
119,1.097063271215051
72,0.6757290490602831
75,0.6556592205741436
75,0.6622820409839835
21,0.0
169,1.778593512273888
23,0.0
51,0.7471720943315961
68,0.6964132180495735
131,1.485047910177086
245,2.1798461928914423
167,1.368267914787794
23,0.0
23,0.0
23,0.0
194,1.8313625403665281
23,0.0
23,0.0
23,0.0
23,0.0
151,1.5444151896008245
53,0.7397003733882802
54,0.7323033696543974
52,0.7397003733882802
21,0.0
169,1.6625403837858364
150,1.5505552245664542
53,0.7397003733882802
23,0.0
23,0.0
71,0.6757290490602831
134,1.6476054679803418
72,0.6757290490602831
74,0.6689717585696803
53,0.7397003733882802
194,1.8313625403665281
23,0.0
23,0.0
23,0.0
23,0.0
194,1.8313625403665281
23,0.0
23,0.0
21,0.0
23,0.0
194,1.8313625403665281
23,0.0
23,0.0
23,0.0
23,0.0
344,2.2948849334019292
102,1.2420107539318035
69,0.6894490858690777
72,0.6757290490602831
23,0.0
169,1.6625403837858364
73,0.6689717585696803
23,0.0
72,0.6757290490602831
53,0.7397003733882802
194,1.8313625403665281
23,0.0
23,0.0
23,0.0
21,0.0
170,1.6603699348191103
53,0.7397003733882802
50,0.7547192872036325
23,0.0
21,0.0
99,1.150671053287173
68,0.6964132180495735
21,0.0
74,0.6689717585696803
70,0.682554595010387
194,1.8313625403665281
23,0.0
23,0.0
23,0.0
23,0.0
51,0.7471720943315961
102,1.234539032988487
71,0.6757290490602831
54,0.7323033696543974
55,0.7323033696543974
344,2.2948849334019292
70,0.6894490858690777
71,0.682554595010387
21,0.0
71,0.6757290490602831
84,1.283440319538781
23,0.0
23,0.0
49,0.7547192872036325
23,0.0
120,1.0996754749436073
80,1.3074027643660173
23,0.0
21,0.0
21,0.0
225,2.4077793158733725
102,1.234539032988487
23,0.0
21,0.0
54,0.7323033696543974
169,1.778593512273888
23,0.0
23,0.0
71,0.6757290490602831
23,0.0
82,1.294328736722357
53,0.7397003733882802
53,0.7397003733882802
55,0.7323033696543974
44,0.7249803359578534
147,1.3750137539976444
51,0.7471720943315961
122,1.102398757002966
80,1.3074027643660173
75,0.6622820409839835
344,2.2948849334019292
23,0.0
102,1.2420107539318035
122,1.102398757002966
52,0.7397003733882802
51,0.7471720943315961
84,1.275968598595465
54,0.7323033696543974
23,0.0
23,0.0
194,1.8313625403665281
23,0.0
23,0.0
23,0.0
23,0.0
197,1.8253759203990436
53,0.7397003733882802
21,0.0
121,1.0845492234828324
21,0.0
344,2.2948849334019292
69,0.6894490858690777
23,0.0
23,0.0
23,0.0
244,2.1808675771814268
100,1.252057983118666
50,0.7547192872036325
23,0.0
23,0.0
225,2.4077793158733725
53,0.7397003733882802
21,0.0
54,0.7323033696543974
55,0.7323033696543974
169,1.6625403837858364
73,0.6689717585696803
51,0.7471720943315961
74,0.6689717585696803
75,0.6622820409839835
197,1.827481904861011
72,0.6757290490602831
21,0.0
23,0.0
191,1.5082719212691786
83,1.268571594861582
53,0.7397003733882802
53,0.7397003733882802
97,1.1553298610388714
71,0.6757290490602831
244,2.061275304351224
72,0.6689717585696803
23,0.0
72,0.6757290490602831
75,0.6622820409839835
241,1.736625125783919
75,0.6622820409839835
23,0.0
23,0.0
23,0.0
344,2.2948849334019292
23,0.0
102,1.2420107539318035
21,0.0
100,1.150671053287173
166,1.6915908214586846
51,0.7471720943315961
52,0.7397003733882802
71,0.682554595010387
72,0.6689717585696803
201,2.2853865720783735
53,0.7397003733882802
54,0.7323033696543974
55,0.7323033696543974
44,0.7249803359578534
185,1.5378231319232225
74,0.6622820409839835
21,0.0
77,0.6556592205741436
49,0.7547192872036325
201,2.2853865720783735
53,0.7397003733882802
70,0.682554595010387
50,0.7547192872036325
54,0.7323033696543974
99,1.150671053287173
68,0.6964132180495735
119,1.0860926385029004
21,0.0
21,0.0
194,1.8313625403665281
23,0.0
23,0.0
23,0.0
23,0.0
208,1.6830200381390057
23,0.0
23,0.0
23,0.0
74,0.6622820409839835
220,2.078729148182866
100,1.252057983118666
122,1.102398757002966
23,0.0
23,0.0
190,1.5209578935740256
51,0.7471720943315961
53,0.7397003733882802
83,1.2888571702984495
50,0.7547192872036325
71,0.6757290490602831
51,0.7471720943315961
53,0.7397003733882802
53,0.7397003733882802
55,0.7323033696543974
344,2.2948849334019292
71,0.6757290490602831
50,0.7547192872036325
23,0.0
23,0.0
99,1.150671053287173
68,0.6964132180495735
118,1.0903059807244488
72,0.6757290490602831
73,0.6757290490602831
170,1.6603699348191103
53,0.7397003733882802
53,0.7397003733882802
21,0.0
55,0.7323033696543974
23,0.0
113,1.695013389673898
51,0.7471720943315961
96,1.1669998596352236
23,0.0
344,2.2948849334019292
23,0.0
102,1.2420107539318035
69,0.6894490858690777
23,0.0
225,2.4077793158733725
162,2.197930677300484
23,0.0
21,0.0
21,0.0
194,1.8313625403665281
23,0.0
23,0.0
23,0.0
21,0.0
185,1.5378231319232225
21,0.0
52,0.7471720943315961
72,0.6757290490602831
74,0.6622820409839835
176,2.1264438628785873
53,0.7397003733882802
23,0.0
101,1.2395374032874793
23,0.0
172,1.6582211903420485
23,0.0
73,0.6689717585696803
23,0.0
21,0.0
222,2.074427788378427
98,1.1553298610388714
53,0.7397003733882802
23,0.0
23,0.0
275,2.495982165312983
53,0.7397003733882802
21,0.0
54,0.7323033696543974
55,0.7323033696543974
166,1.6915908214586846
71,0.682554595010387
72,0.6689717585696803
74,0.6622820409839835
23,0.0
324,2.5496657648360053
53,0.7397003733882802
23,0.0
23,0.0
21,0.0
172,1.6582211903420485
23,0.0
23,0.0
23,0.0
73,0.6689717585696803
129,1.5898123840175677
23,0.0
23,0.0
23,0.0
23,0.0
186,1.5341455211006476
23,0.0
49,0.7547192872036325
122,1.0886787201941712
23,0.0
275,2.495982165312983
53,0.7397003733882802
54,0.7323033696543974
55,0.7323033696543974
23,0.0
171,1.6636739351529224
72,0.6757290490602831
74,0.6757290490602831
21,0.0
23,0.0
23,0.0
100,1.252057983118666
23,0.0
23,0.0
21,0.0
170,1.6603699348191103
23,0.0
73,0.6689717585696803
23,0.0
23,0.0
462,2.3491036939112577
23,0.0
23,0.0
23,0.0
23,0.0
344,2.2948849334019292
49,0.7547192872036325
23,0.0
23,0.0
23,0.0
147,1.3750137539976444
74,0.6622820409839835
77,0.6556592205741436
78,0.6491026283684022
80,0.6426116020847181
344,2.2948849334019292
49,0.7547192872036325
23,0.0
23,0.0
23,0.0
119,1.1065699658022983
50,0.7471720943315961
72,0.6757290490602831
121,1.0777919329922294
23,0.0
344,2.2948849334019292
23,0.0
23,0.0
71,0.6757290490602831
23,0.0
169,1.6625403837858364
84,1.2888571702984495
53,0.7397003733882802
55,0.7323033696543974
44,0.7249803359578534
344,2.2948849334019292
23,0.0
102,1.2420107539318035
23,0.0
164,1.771391473141238
151,1.9241438357498102
53,0.7397003733882802
21,0.0
54,0.7323033696543974
55,0.7323033696543974
186,1.5341455211006476
74,0.6622820409839835
77,0.6556592205741436
23,0.0
78,0.6491026283684022
344,2.2948849334019292
69,0.6894490858690777
23,0.0
23,0.0
23,0.0
225,2.409015606214736
86,1.265296860913842
23,0.0
54,0.7323033696543974
23,0.0
245,2.1798461928914423
69,0.6894490858690777
102,1.2420107539318035
23,0.0
23,0.0
149,1.44549548711303
132,1.660361077995586
23,0.0
72,0.6757290490602831
23,0.0
196,1.8291365308176584
70,0.6894490858690777
74,0.6689717585696803
71,0.6894490858690777
21,0.0
170,1.361479726498607
72,0.6689717585696803
74,0.6622820409839835
77,0.6556592205741436
78,0.6491026283684022
344,2.2948849334019292
102,1.2420107539318035
122,1.102398757002966
49,0.7547192872036325
23,0.0
225,2.4077793158733725
23,0.0
53,0.7397003733882802
54,0.7323033696543974
55,0.7323033696543974
368,2.584908486213704
23,0.0
53,0.7397003733882802
23,0.0
23,0.0
169,1.5898882017037235
74,0.6622820409839835
77,0.6556592205741436
23,0.0
78,0.6491026283684022
151,1.9241438357498102
102,1.234539032988487
54,0.7323033696543974
55,0.7323033696543974
44,0.7249803359578534
190,1.5209578935740256
51,0.7471720943315961
98,1.1622939932193666
53,0.7397003733882802
53,0.7397003733882802
86,1.278077637286709
99,1.1437765624284826
52,0.7397003733882802
23,0.0
23,0.0
201,2.2853865720783735
21,0.0
53,0.7397003733882802
54,0.7323033696543974
55,0.7323033696543974
151,1.9241438357498102
53,0.7397003733882802
68,0.6964132180495735
23,0.0
21,0.0
194,1.8313625403665281
49,0.7547192872036325
69,0.6894490858690777
21,0.0
74,0.6689717585696803
134,1.6476054679803418
72,0.6689717585696803
71,0.6757290490602831
69,0.6894490858690777
74,0.6622820409839835
344,2.2948849334019292
50,0.7547192872036325
23,0.0
23,0.0
23,0.0
102,1.2420107539318035
23,0.0
53,0.7397003733882802
54,0.7323033696543974
55,0.7323033696543974
225,2.4077793158733725
23,0.0
98,1.2698564046274354
23,0.0
84,1.2964043631704858
118,1.0903059807244488
74,0.6622820409839835
77,0.6556592205741436
78,0.6491026283684022
79,0.6491026283684022
23,0.0
115,1.6815681986562545
53,0.7397003733882802
55,0.7323033696543974
44,0.7249803359578534
23,0.0
102,1.2420107539318035
52,0.7471720943315961
53,0.7397003733882802
53,0.7397003733882802
71,0.6757290490602831
102,1.2420107539318035
122,1.0737037312480042
23,0.0
53,0.7397003733882802
218,2.078729148182866
102,1.2420107539318035
23,0.0
122,1.0886787201941712
23,0.0
170,1.6603699348191103
53,0.7397003733882802
82,1.294328736722357
23,0.0
53,0.7397003733882802
193,1.8313625403665281
51,0.7471720943315961
23,0.0
53,0.7397003733882802
23,0.0
23,0.0
82,1.294328736722357
103,1.2295906463924855
23,0.0
23,0.0
193,1.9491209431634744
101,1.2545563171028318
52,0.7471720943315961
84,1.275968598595465
23,0.0
186,1.5341455211006476
23,0.0
49,0.7547192872036325
72,0.6757290490602831
50,0.7547192872036325
169,1.6625403837858364
113,1.695013389673898
23,0.0
73,0.6689717585696803
23,0.0
147,1.4701390342198237
119,1.0860926385029004
49,0.7547192872036325
75,0.6622820409839835
77,0.6556592205741436
162,1.3900923589049654
50,0.7547192872036325
21,0.0
100,1.1255815063135945
50,0.7547192872036325
132,1.5763876108217165
53,0.7397003733882802
54,0.7323033696543974
55,0.7323033696543974
44,0.7249803359578534
295,2.2509767449168576
51,0.7471720943315961
84,1.275968598595465
23,0.0
23,0.0
344,2.2948849334019292
121,1.0928499289935034
77,0.6622820409839835
53,0.6556592205741436
23,0.0
219,1.9591368753526635
23,0.0
21,0.0
70,0.6894490858690777
121,1.0819214297035684
51,0.7471720943315961
102,1.234539032988487
54,0.7323033696543974
55,0.7323033696543974
44,0.7249803359578534
344,2.2948849334019292
23,0.0
71,0.682554595010387
23,0.0
23,0.0
190,1.5209578935740256
51,0.7471720943315961
53,0.7397003733882802
52,0.7397003733882802
21,0.0
171,1.3251306188860983
69,0.6894490858690777
75,0.6622820409839835
52,0.7471720943315961
23,0.0
275,2.495982165312983
53,0.7397003733882802
54,0.7323033696543974
55,0.7323033696543974
23,0.0
176,1.9319152052023667
21,0.0
51,0.7471720943315961
23,0.0
23,0.0
147,1.4701390342198237
119,1.0860926385029004
74,0.6622820409839835
77,0.6556592205741436
23,0.0
147,1.4701390342198237
23,0.0
70,0.682554595010387
72,0.6757290490602831
21,0.0
194,1.8313625403665281
23,0.0
71,0.682554595010387
74,0.6689717585696803
75,0.6622820409839835
275,2.495982165312983
102,1.234539032988487
71,0.6757290490602831
54,0.7323033696543974
55,0.7323033696543974
344,2.2948849334019292
121,1.0928499289935034
77,0.6622820409839835
53,0.6556592205741436
23,0.0
344,2.2948849334019292
122,1.0886787201941712
75,0.6622820409839835
77,0.6622820409839835
53,0.6556592205741436
176,2.1264438628785873
53,0.7397003733882802
54,0.7323033696543974
55,0.7323033696543974
23,0.0
192,1.8594338610841312
71,0.682554595010387
72,0.6757290490602831
122,1.0819214297035684
75,0.6622820409839835
275,2.495982165312983
53,0.7397003733882802
54,0.7323033696543974
55,0.7323033696543974
21,0.0
220,2.078729148182866
71,0.6757290490602831
102,1.2420107539318035
52,0.7397003733882802
23,0.0
295,2.2509767449168576
69,0.6894490858690777
74,0.6622820409839835
23,0.0
23,0.0
23,0.0
69,0.6894490858690777
189,1.5277834395241296
21,0.0
123,1.0737037312480042
147,1.3750137539976444
74,0.6622820409839835
77,0.6556592205741436
78,0.6491026283684022
80,0.6426116020847181
132,1.5763876108217165
53,0.7397003733882802
54,0.7323033696543974
55,0.7323033696543974
58,1.3422704769001415
275,2.495982165312983
53,0.7397003733882802
68,0.6964132180495735
54,0.7323033696543974
23,0.0
194,1.8313625403665281
23,0.0
23,0.0
23,0.0
21,0.0
172,1.6582211903420485
23,0.0
51,0.7471720943315961
21,0.0
53,0.7397003733882802
245,2.1798461928914423
69,0.6894490858690777
23,0.0
49,0.7547192872036325
74,0.6622820409839835
220,2.078729148182866
71,0.6757290490602831
72,0.682554595010387
154,1.3323802634100126
77,0.6622820409839835
169,1.6871839308926309
119,1.0860926385029004
72,0.6757290490602831
23,0.0
74,0.6622820409839835
275,2.495982165312983
53,0.7397003733882802
124,1.080461021738607
23,0.0
21,0.0
169,1.6625403837858364
53,0.7397003733882802
50,0.7547192872036325
23,0.0
53,0.7397003733882802
23,0.0
166,1.6915908214586846
23,0.0
71,0.682554595010387
23,0.0
162,1.3900923589049654
119,1.0860926385029004
74,0.6622820409839835
108,1.0769934427289116
23,0.0
71,0.6757290490602831
51,0.7471720943315961
23,0.0
167,1.7757983637072918
74,0.6622820409839835
102,1.2420107539318035
23,0.0
53,0.7397003733882802
54,0.7323033696543974
55,0.7323033696543974
169,1.5898882017037235
74,0.6622820409839835
77,0.6556592205741436
23,0.0
78,0.6491026283684022
102,1.2420107539318035
53,0.7397003733882802
21,0.0
23,0.0
21,0.0
132,1.660361077995586
52,0.7397003733882802
53,0.7397003733882802
54,0.7323033696543974
55,0.7323033696543974
133,1.4633718851252113
21,0.0
23,0.0
23,0.0
69,0.6894490858690777
215,1.6652750690727787
51,0.7471720943315961
52,0.7397003733882802
51,0.7471720943315961
23,0.0
156,1.7074002401358694
23,0.0
54,0.7323033696543974
52,0.7397003733882802
55,0.7323033696543974
100,1.252057983118666
52,0.7397003733882802
53,0.7397003733882802
54,0.7323033696543974
55,0.7323033696543974
166,1.6915908214586846
118,1.0903059807244488
72,0.6757290490602831
74,0.6622820409839835
23,0.0
194,1.8313625403665281
23,0.0
23,0.0
23,0.0
21,0.0
275,2.495982165312983
53,0.7397003733882802
54,0.7323033696543974
55,0.7323033696543974
44,0.7249803359578534
194,1.8313625403665281
23,0.0
23,0.0
23,0.0
23,0.0
194,1.8313625403665281
23,0.0
23,0.0
23,0.0
23,0.0
169,1.6871839308926309
121,1.0777919329922294
23,0.0
75,0.6622820409839835
70,0.682554595010387
130,1.4747054173772796
21,0.0
171,1.7632809277954726
23,0.0
23,0.0
186,1.5341455211006476
74,0.6622820409839835
50,0.7547192872036325
21,0.0
51,0.7471720943315961
275,2.495982165312983
53,0.7397003733882802
124,1.080461021738607
23,0.0
21,0.0
194,1.8313625403665281
23,0.0
23,0.0
23,0.0
23,0.0
170,1.6603699348191103
73,0.6689717585696803
23,0.0
74,0.6689717585696803
23,0.0
344,2.2948849334019292
121,1.0928499289935034
21,0.0
77,0.6622820409839835
21,0.0
440,2.33801343162901
100,1.150671053287173
72,0.6757290490602831
77,0.6622820409839835
53,0.6556592205741436
295,2.2509767449168576
131,1.485047910177086
23,0.0
23,0.0
23,0.0
169,1.5898882017037235
74,0.6622820409839835
52,0.7471720943315961
21,0.0
23,0.0
245,2.1798461928914423
69,0.6894490858690777
50,0.7547192872036325
50,0.7547192872036325
21,0.0
51,0.7471720943315961
53,0.7397003733882802
69,0.6894490858690777
53,0.7397003733882802
51,0.7471720943315961
51,0.7471720943315961
53,0.7397003733882802
69,0.6894490858690777
102,1.2420107539318035
23,0.0
100,1.252057983118666
102,1.2420107539318035
53,0.7397003733882802
50,0.7547192872036325
55,0.7323033696543974
169,1.5898882017037235
74,0.6622820409839835
77,0.6556592205741436
49,0.7547192872036325
23,0.0
194,1.8313625403665281
23,0.0
72,0.6757290490602831
74,0.6689717585696803
23,0.0
190,1.5209578935740256
53,0.7397003733882802
53,0.7397003733882802
101,1.247009124230795
74,0.6689717585696803
275,2.495982165312983
53,0.7397003733882802
54,0.7323033696543974
55,0.7323033696543974
23,0.0
194,1.8313625403665281
23,0.0
72,0.6757290490602831
23,0.0
51,0.7471720943315961
169,1.6871839308926309
101,1.1391643427543012
168,1.3368311903998775
23,0.0
23,0.0
71,0.6757290490602831
74,0.6622820409839835
75,0.6622820409839835
23,0.0
21,0.0
51,0.7471720943315961
131,1.485047910177086
74,0.6622820409839835
75,0.6622820409839835
23,0.0
344,2.2948849334019292
102,1.2420107539318035
121,1.0928499289935034
77,0.6622820409839835
53,0.6556592205741436
344,2.2948849334019292
122,1.0886787201941712
70,0.6894490858690777
23,0.0
23,0.0
186,1.5341455211006476
74,0.6622820409839835
72,0.6757290490602831
108,1.0769934427289116
23,0.0
186,1.5341455211006476
74,0.6622820409839835
126,1.0764137020118238
77,0.6556592205741436
23,0.0
344,2.2948849334019292
102,1.2420107539318035
114,1.1350307198594847
86,1.2706059163433931
23,0.0
344,2.2948849334019292
120,1.1107833080238458
21,0.0
72,0.6757290490602831
21,0.0
115,1.6910065431443824
53,0.7397003733882802
54,0.7323033696543974
23,0.0
23,0.0
165,1.3530185679746762
74,0.6622820409839835
77,0.6556592205741436
78,0.6491026283684022
72,0.6757290490602831
132,1.5763876108217165
104,1.2295906463924855
71,0.6757290490602831
104,1.2172947399285607
55,0.7323033696543974
194,1.8313625403665281
23,0.0
72,0.6757290490602831
74,0.6689717585696803
75,0.6622820409839835
194,1.8313625403665281
23,0.0
72,0.6757290490602831
74,0.6689717585696803
23,0.0
295,2.2509767449168576
131,1.485047910177086
23,0.0
23,0.0
23,0.0
169,1.6871839308926309
70,0.682554595010387
72,0.6689717585696803
49,0.7547192872036325
23,0.0
344,2.2948849334019292
53,0.7397003733882802
84,1.275968598595465
72,0.682554595010387
23,0.0
344,2.2948849334019292
102,1.1277726993267583
51,0.7471720943315961
72,0.6757290490602831
77,0.6622820409839835
194,1.8313625403665281
72,0.6757290490602831
74,0.6689717585696803
75,0.6622820409839835
23,0.0
186,1.5341455211006476
74,0.6622820409839835
23,0.0
77,0.6556592205741436
23,0.0
194,1.8313625403665281
72,0.6757290490602831
74,0.6689717585696803
21,0.0
75,0.6622820409839835
194,1.8313625403665281
72,0.6757290490602831
74,0.6689717585696803
75,0.6622820409839835
23,0.0
275,2.495982165312983
53,0.7397003733882802
54,0.7323033696543974
55,0.7323033696543974
44,0.7249803359578534
194,1.8313625403665281
72,0.6757290490602831
23,0.0
74,0.6689717585696803
75,0.6622820409839835
245,2.1798461928914423
102,1.2420107539318035
50,0.7547192872036325
23,0.0
23,0.0
99,1.1369510164783783
23,0.0
101,1.1164949723334907
152,1.5444151896008245
21,0.0
23,0.0
186,1.5341455211006476
121,1.0845492234828324
75,0.6622820409839835
23,0.0
275,2.495982165312983
102,1.234539032988487
54,0.7323033696543974
23,0.0
55,0.7323033696543974
344,2.2948849334019292
100,1.150671053287173
49,0.7547192872036325
23,0.0
23,0.0
194,1.8313625403665281
72,0.6757290490602831
74,0.6689717585696803
75,0.6622820409839835
23,0.0
344,2.2948849334019292
120,1.1107833080238458
122,1.0955042661442753
72,0.6757290490602831
21,0.0
166,1.6915908214586846
71,0.682554595010387
72,0.6689717585696803
74,0.6622820409839835
21,0.0
194,1.8313625403665281
72,0.6757290490602831
51,0.7471720943315961
74,0.6689717585696803
53,0.7397003733882802
218,1.9763960565036118
23,0.0
21,0.0
21,0.0
71,0.682554595010387
194,1.8313625403665281
21,0.0
73,0.6622820409839835
74,0.6689717585696803
75,0.6622820409839835
194,1.8313625403665281
21,0.0
72,0.6757290490602831
74,0.6689717585696803
75,0.6622820409839835
84,1.2888571702984495
72,0.6689717585696803
171,1.3210424171418718
51,0.7471720943315961
23,0.0
245,2.1798461928914423
102,1.2420107539318035
68,0.6964132180495735
23,0.0
23,0.0
344,2.2948849334019292
102,1.2420107539318035
100,1.150671053287173
72,0.6757290490602831
77,0.6622820409839835
295,2.2509767449168576
21,0.0
120,1.1107833080238458
23,0.0
23,0.0
344,2.2948849334019292
100,1.252057983118666
52,0.7397003733882802
71,0.6757290490602831
23,0.0
170,1.3477596896898125
75,0.6622820409839835
23,0.0
23,0.0
23,0.0
118,1.0903059807244488
98,1.1553298610388714
72,0.6757290490602831
74,0.6622820409839835
77,0.6556592205741436
235,1.785719737604256
74,0.6689717585696803
74,0.6622820409839835
23,0.0
74,0.6622820409839835
191,1.5174605222743507
23,0.0
51,0.7471720943315961
53,0.7397003733882802
53,0.7397003733882802
194,1.8313625403665281
21,0.0
72,0.6757290490602831
74,0.6689717585696803
75,0.6622820409839835
171,1.3360174060880396
72,0.6757290490602831
102,1.2420107539318035
75,0.6689717585696803
23,0.0
195,1.730104642552901
51,0.7471720943315961
53,0.7323033696543974
75,0.6622820409839835
126,1.0444431386483706
176,2.1264438628785873
53,0.7397003733882802
68,0.6964132180495735
54,0.7323033696543974
23,0.0
275,2.495982165312983
53,0.7397003733882802
54,0.7323033696543974
55,0.7323033696543974
21,0.0
119,1.0860926385029004
51,0.7471720943315961
102,1.234539032988487
23,0.0
23,0.0
194,1.8313625403665281
72,0.6757290490602831
74,0.6689717585696803
75,0.6622820409839835
21,0.0
194,1.8313625403665281
21,0.0
72,0.6757290490602831
74,0.6689717585696803
75,0.6622820409839835
462,2.349548665427392
69,0.6894490858690777
21,0.0
23,0.0
23,0.0
193,1.9491209431634744
102,1.2420107539318035
72,0.6757290490602831
23,0.0
23,0.0
23,0.0
171,1.6636739351529224
149,1.3635913120678897
170,1.331758486162021
75,0.6622820409839835
275,2.495982165312983
53,0.7397003733882802
54,0.7323033696543974
55,0.7323033696543974
21,0.0
344,2.2948849334019292
98,1.1553298610388714
51,0.7471720943315961
72,0.6757290490602831
21,0.0
218,1.9588173491622816
23,0.0
23,0.0
23,0.0
23,0.0
185,1.5378231319232225
51,0.7471720943315961
23,0.0
72,0.6757290490602831
74,0.6622820409839835
102,1.2420107539318035
52,0.7397003733882802
23,0.0
23,0.0
23,0.0
152,1.7296151780735889
72,0.682554595010387
71,0.682554595010387
23,0.0
72,0.6757290490602831
194,1.8313625403665281
72,0.6757290490602831
74,0.6689717585696803
71,0.682554595010387
122,1.0670140136623072
23,0.0
115,1.6815681986562545
102,1.234539032988487
71,0.6757290490602831
55,0.7323033696543974
295,2.2509767449168576
102,1.2420107539318035
23,0.0
122,1.0886787201941712
23,0.0
194,1.8313625403665281
23,0.0
72,0.6757290490602831
21,0.0
51,0.7471720943315961
200,2.2853865720783735
102,1.234539032988487
54,0.7323033696543974
23,0.0
55,0.7323033696543974
23,0.0
49,0.7547192872036325
23,0.0
98,1.1553298610388714
102,1.2420107539318035
171,1.6636739351529224
121,1.0845492234828324
21,0.0
123,1.0737037312480042
74,0.6757290490602831
23,0.0
101,1.247009124230795
51,0.7471720943315961
53,0.7397003733882802
71,0.6757290490602831
122,1.0845492234828324
75,0.6622820409839835
102,1.2420107539318035
71,0.682554595010387
77,0.6556592205741436
275,2.495982165312983
53,0.7397003733882802
54,0.7323033696543974
68,0.6964132180495735
23,0.0
196,1.8291365308176584
21,0.0
73,0.6757290490602831
23,0.0
121,1.0819214297035684
99,1.1369510164783783
51,0.7471720943315961
73,0.6689717585696803
53,0.7397003733882802
51,0.7471720943315961
171,1.3301525960815757
23,0.0
69,0.6894490858690777
77,0.6556592205741436
78,0.6491026283684022
275,2.495982165312983
53,0.7397003733882802
54,0.7323033696543974
68,0.6964132180495735
23,0.0
275,2.495982165312983
96,1.1787877370052764
53,0.7397003733882802
21,0.0
23,0.0
169,1.3519730319113603
72,0.6757290490602831
50,0.7547192872036325
170,1.685712911560098
23,0.0
344,2.2948849334019292
100,1.150671053287173
23,0.0
72,0.6757290490602831
23,0.0
23,0.0
193,1.9474156688545785
51,0.7471720943315961
69,0.6894490858690777
23,0.0
344,2.2948849334019292
102,1.1277726993267583
21,0.0
21,0.0
50,0.7547192872036325
199,2.2853865720783735
23,0.0
84,1.2964043631704858
54,0.7323033696543974
51,0.7471720943315961
220,2.078729148182866
69,0.6894490858690777
147,1.9383516515842352
100,1.150671053287173
75,0.6622820409839835
98,1.1553298610388714
189,1.523537888979572
74,0.6622820409839835
77,0.6556592205741436
78,0.6491026283684022
98,1.1553298610388714
72,0.6689717585696803
74,0.6622820409839835
71,0.682554595010387
72,0.6757290490602831
154,1.7270660804666265
74,0.6622820409839835
23,0.0
75,0.6622820409839835
23,0.0
98,1.1553298610388714
150,1.371755933843483
23,0.0
51,0.7471720943315961
124,1.0777919329922294
244,2.1808675771814268
69,0.6894490858690777
74,0.6622820409839835
23,0.0
23,0.0
275,2.495982165312983
119,1.6463439790183916
23,0.0
23,0.0
67,0.7034476949995692
295,2.2509767449168576
51,0.7471720943315961
69,0.6894490858690777
23,0.0
23,0.0
176,2.1264438628785873
53,0.7397003733882802
68,0.6964132180495735
23,0.0
21,0.0
275,2.495982165312983
53,0.7397003733882802
54,0.7323033696543974
71,0.6757290490602831
55,0.7323033696543974
275,2.495982165312983
102,1.234539032988487
21,0.0
23,0.0
96,1.1787877370052764
154,1.737408573266432
169,1.3520361380329542
23,0.0
23,0.0
55,0.7323033696543974
199,2.2853865720783735
23,0.0
84,1.2964043631704858
54,0.7323033696543974
55,0.7323033696543974
194,1.8313625403665281
72,0.6757290490602831
74,0.6689717585696803
75,0.6622820409839835
23,0.0
344,2.2948849334019292
100,1.150671053287173
72,0.6757290490602831
77,0.6622820409839835
53,0.6556592205741436
194,1.8313625403665281
72,0.6757290490602831
74,0.6689717585696803
75,0.6622820409839835
77,0.6556592205741436
98,1.1553298610388714
170,1.3520361380329542
23,0.0
23,0.0
23,0.0
166,1.6915908214586846
23,0.0
71,0.682554595010387
72,0.6757290490602831
121,1.0819214297035684
275,2.495982165312983
119,1.6463439790183916
23,0.0
23,0.0
23,0.0
98,1.1553298610388714
191,1.519331151078992
23,0.0
23,0.0
23,0.0
220,2.078729148182866
102,1.2420107539318035
131,1.485047910177086
23,0.0
23,0.0
162,1.3900923589049654
72,0.6689717585696803
23,0.0
70,0.682554595010387
152,1.3512152812506009
98,1.1553298610388714
100,1.1391643427543012
101,1.121015408836156
53,0.7397003733882802
21,0.0
224,2.409015606214736
23,0.0
96,1.1787877370052764
23,0.0
23,0.0
98,1.1553298610388714
53,0.7397003733882802
71,0.682554595010387
72,0.6757290490602831
23,0.0
344,2.2948849334019292
122,1.0886787201941712
102,1.2420107539318035
126,1.058959847406009
23,0.0
151,1.9241438357498102
23,0.0
53,0.7397003733882802
68,0.6964132180495735
53,0.7397003733882802
171,1.6636739351529224
121,1.0845492234828324
51,0.7471720943315961
74,0.6757290490602831
23,0.0
99,1.1369510164783783
171,1.3251306188860983
51,0.7471720943315961
21,0.0
53,0.7397003733882802
194,1.8313625403665281
72,0.6757290490602831
74,0.6689717585696803
51,0.7471720943315961
53,0.7397003733882802
344,2.2948849334019292
69,0.6894490858690777
170,1.7654296722725336
72,0.6757290490602831
23,0.0
122,1.0845492234828324
21,0.0
23,0.0
71,0.682554595010387
23,0.0
51,0.7471720943315961
169,1.3545852356399162
75,0.6622820409839835
23,0.0
77,0.6556592205741436
171,1.6636739351529224
72,0.6757290490602831
74,0.6689717585696803
123,1.0777919329922294
75,0.6689717585696803
194,1.8313625403665281
72,0.6757290490602831
74,0.6689717585696803
75,0.6622820409839835
23,0.0
98,1.1553298610388714
102,1.1300778087741976
121,1.0845492234828324
72,0.6689717585696803
21,0.0
225,2.4077793158733725
23,0.0
67,0.7034476949995692
23,0.0
53,0.7397003733882802
151,1.9241438357498102
120,1.0955042661442753
53,0.7397003733882802
23,0.0
23,0.0
98,1.1553298610388714
168,1.3545852356399162
122,1.0819214297035684
74,0.6622820409839835
23,0.0
194,1.8313625403665281
72,0.6757290490602831
74,0.6689717585696803
75,0.6622820409839835
23,0.0
344,2.2948849334019292
102,1.2420107539318035
71,0.6757290490602831
74,0.6622820409839835
75,0.6622820409839835
99,1.150671053287173
68,0.6964132180495735
170,1.3453413226027282
23,0.0
51,0.7471720943315961
194,1.8313625403665281
72,0.6757290490602831
74,0.6689717585696803
75,0.6622820409839835
23,0.0
244,2.066140847474472
23,0.0
23,0.0
23,0.0
23,0.0
194,1.8313625403665281
21,0.0
51,0.7471720943315961
51,0.7471720943315961
23,0.0
344,2.2948849334019292
120,1.1107833080238458
102,1.2420107539318035
23,0.0
52,0.7397003733882802
165,1.3530185679746762
72,0.6757290490602831
74,0.6622820409839835
77,0.6556592205741436
78,0.6491026283684022
275,2.495982165312983
119,1.1150392092577324
23,0.0
21,0.0
21,0.0
82,1.294328736722357
165,1.3597758584652797
23,0.0
122,1.0845492234828324
23,0.0
190,1.5260259665092164
23,0.0
71,0.6757290490602831
23,0.0
23,0.0
275,2.495982165312983
86,1.265296860913842
23,0.0
21,0.0
21,0.0
69,0.6894490858690777
120,1.103888817165155
74,0.6757290490602831
72,0.6689717585696803
23,0.0
51,0.7471720943315961
23,0.0
23,0.0
117,1.133336708523463
23,0.0
23,0.0
134,1.557313403830289
21,0.0
51,0.7471720943315961
55,0.7323033696543974
344,2.2948849334019292
84,1.275968598595465
131,1.5763876108217165
100,1.150671053287173
72,0.6757290490602831
344,2.2948849334019292
122,1.0886787201941712
82,1.3018759295943934
102,1.2420107539318035
104,1.1008995427938946
275,2.495982165312983
119,1.6463439790183916
23,0.0
23,0.0
55,0.7323033696543974
70,0.682554595010387
49,0.7547192872036325
23,0.0
102,1.234539032988487
51,0.7471720943315961
84,1.2888571702984495
186,1.5341455211006476
23,0.0
23,0.0
72,0.6757290490602831
130,1.5847635251296974
21,0.0
21,0.0
175,1.3472640560378946
71,0.6757290490602831
245,2.1798461928914423
71,0.6757290490602831
121,1.0913747694329363
23,0.0
23,0.0
98,1.1553298610388714
150,1.371755933843483
23,0.0
23,0.0
107,1.2198418299597018
98,1.1553298610388714
82,1.3074027643660173
168,1.3477905874883973
74,0.6757290490602831
75,0.6622820409839835
344,2.2948849334019292
69,0.6894490858690777
23,0.0
23,0.0
23,0.0
169,1.3369098865721787
102,1.2420107539318035
23,0.0
117,1.1220033414382282
23,0.0
190,1.5209578935740256
50,0.7547192872036325
50,0.7547192872036325
23,0.0
102,1.2420107539318035
176,2.1264438628785873
83,1.3018759295943934
21,0.0
116,1.130644544841385
21,0.0
344,2.2948849334019292
102,1.2420107539318035
121,1.0928499289935034
77,0.6622820409839835
23,0.0
102,1.2420107539318035
23,0.0
67,0.7034476949995692
156,1.8046520897241571
54,0.7323033696543974
166,1.6915908214586846
84,1.2888571702984495
53,0.7397003733882802
23,0.0
118,1.0903059807244488
169,1.778593512273888
120,1.1107833080238458
51,0.7471720943315961
21,0.0
52,0.7397003733882802
51,0.7471720943315961
50,0.7547192872036325
23,0.0
21,0.0
168,1.3640545725662472
225,2.4077793158733725
23,0.0
53,0.7397003733882802
161,1.4041336958636015
23,0.0
170,1.776444767796828
23,0.0
102,1.2420107539318035
71,0.6757290490602831
52,0.7397003733882802
194,1.8313625403665281
72,0.6757290490602831
74,0.6689717585696803
51,0.7471720943315961
53,0.7397003733882802
131,1.6640583743720843
53,0.7397003733882802
54,0.7323033696543974
55,0.7323033696543974
44,0.7249803359578534
201,2.2853865720783735
53,0.7397003733882802
54,0.7323033696543974
55,0.7323033696543974
44,0.7249803359578534
129,1.5898123840175677
131,1.485047910177086
71,0.682554595010387
21,0.0
72,0.6757290490602831
170,1.776444767796828
23,0.0
102,1.2420107539318035
69,0.6894490858690777
174,1.5665113329626257
168,1.6862282118544867
119,1.0860926385029004
72,0.6757290490602831
74,0.6622820409839835
77,0.6556592205741436
151,1.9241438357498102
53,0.7397003733882802
54,0.7323033696543974
23,0.0
55,0.7323033696543974
201,2.2853865720783735
68,0.6964132180495735
52,0.7397003733882802
21,0.0
23,0.0
98,1.1553298610388714
72,0.6689717585696803
122,1.0955042661442753
21,0.0
68,0.6964132180495735
176,2.1264438628785873
102,1.234539032988487
54,0.7323033696543974
100,1.1323387968041978
23,0.0
51,0.7471720943315961
53,0.7397003733882802
54,0.7323033696543974
55,0.7323033696543974
44,0.7249803359578534
102,1.2420107539318035
102,1.121015408836156
54,0.7323033696543974
55,0.7323033696543974
44,0.7249803359578534
176,2.1284872974960503
53,0.7397003733882802
54,0.7323033696543974
55,0.7323033696543974
44,0.7249803359578534
84,1.2888571702984495
171,1.3251306188860983
75,0.6622820409839835
77,0.6556592205741436
21,0.0
194,1.9474156688545785
102,1.2420107539318035
69,0.6894490858690777
74,0.6622820409839835
52,0.7397003733882802
245,2.1745336626399165
173,1.739856491852423
52,0.7397003733882802
23,0.0
23,0.0
275,2.495982165312983
53,0.7397003733882802
51,0.7471720943315961
52,0.7471720943315961
21,0.0
344,2.2948849334019292
98,1.1553298610388714
23,0.0
23,0.0
74,0.6622820409839835
344,2.2948849334019292
69,0.6894490858690777
74,0.6622820409839835
130,1.5763876108217165
23,0.0
186,1.5341455211006476
72,0.6757290490602831
74,0.6689717585696803
75,0.6689717585696803
74,0.6622820409839835
151,1.9241438357498102
53,0.7397003733882802
102,1.2420107539318035
124,1.0670140136623072
23,0.0
100,1.1323387968041978
102,1.234539032988487
118,1.1220033414382282
54,0.7323033696543974
150,1.3473538831057412
198,1.8237378407019618
72,0.6689717585696803
23,0.0
72,0.6757290490602831
121,1.0711022154065328
194,1.8313625403665281
72,0.6757290490602831
51,0.7471720943315961
53,0.7397003733882802
21,0.0
389,2.322982865168559
23,0.0
84,1.275968598595465
71,0.6757290490602831
23,0.0
194,1.8313625403665281
72,0.6757290490602831
51,0.7471720943315961
53,0.7397003733882802
152,1.5399980589167914
194,1.8313625403665281
72,0.6757290490602831
51,0.7471720943315961
53,0.7397003733882802
53,0.7397003733882802
188,1.5415770993250106
121,1.0819214297035684
23,0.0
74,0.6622820409839835
77,0.6556592205741436
225,2.4077793158733725
23,0.0
53,0.7397003733882802
54,0.7323033696543974
55,0.7323033696543974
201,2.2853865720783735
53,0.7397003733882802
54,0.7323033696543974
100,1.1323387968041978
55,0.7323033696543974
344,2.2948849334019292
21,0.0
21,0.0
21,0.0
102,1.2420107539318035
194,1.8313625403665281
21,0.0
51,0.7471720943315961
53,0.7397003733882802
21,0.0
201,2.2853865720783735
102,1.234539032988487
85,1.283440319538781
85,1.2909875124108172
54,0.7323033696543974
194,1.8313625403665281
72,0.6757290490602831
51,0.7471720943315961
53,0.7397003733882802
74,0.6689717585696803
84,1.283440319538781
50,0.7547192872036325
70,0.6894490858690777
71,0.6757290490602831
71,0.682554595010387
344,2.2948849334019292
121,1.0928499289935034
77,0.6622820409839835
53,0.6556592205741436
55,0.6491026283684022
98,1.1553298610388714
121,1.0955042661442753
72,0.6757290490602831
23,0.0
124,1.0777919329922294
225,2.4077793158733725
102,1.1277726993267583
23,0.0
67,0.7034476949995692
53,0.7397003733882802
245,2.1798461928914423
102,1.2420107539318035
69,0.6894490858690777
23,0.0
23,0.0
220,2.078729148182866
102,1.2420107539318035
52,0.7397003733882802
167,1.7407492157874762
23,0.0
98,1.1553298610388714
100,1.1391643427543012
121,1.0845492234828324
73,0.6757290490602831
49,0.7547192872036325
225,2.4077793158733725
53,0.7397003733882802
54,0.7323033696543974
55,0.7323033696543974
44,0.7249803359578534
51,0.7471720943315961
53,0.7397003733882802
54,0.7323033696543974
55,0.7323033696543974
44,0.7249803359578534
23,0.0
115,1.6815681986562545
21,0.0
173,1.7433510057749222
55,0.7323033696543974
99,1.150671053287173
169,1.3452105920828497
123,1.0737037312480042
73,0.6757290490602831
75,0.6622820409839835
169,1.778593512273888
51,0.7471720943315961
52,0.7397003733882802
49,0.7547192872036325
71,0.6757290490602831
171,1.6636739351529224
72,0.6757290490602831
74,0.6757290490602831
49,0.7547192872036325
123,1.0777919329922294
23,0.0
115,1.6815681986562545
68,0.6964132180495735
53,0.7397003733882802
55,0.7323033696543974
344,2.2948849334019292
121,1.0928499289935034
77,0.6622820409839835
53,0.6556592205741436
55,0.6491026283684022
344,2.2948849334019292
174,1.3310953662387515
23,0.0
23,0.0
23,0.0
199,2.287430006695836
53,0.7397003733882802
54,0.7323033696543974
115,1.130644544841385
55,0.7323033696543974
215,1.6576578985306225
82,1.294328736722357
23,0.0
74,0.6689717585696803
23,0.0
23,0.0
51,0.7471720943315961
152,1.5369434686575092
107,1.2028900112400474
96,1.1669998596352236
170,1.3343862799412847
71,0.682554595010387
23,0.0
102,1.2420107539318035
52,0.7397003733882802
275,2.495982165312983
69,0.6894490858690777
53,0.7397003733882802
54,0.7323033696543974
23,0.0
162,1.3900923589049654
119,1.0860926385029004
74,0.6622820409839835
77,0.6556592205741436
23,0.0
344,2.2948849334019292
122,1.0886787201941712
75,0.6622820409839835
71,0.682554595010387
23,0.0
275,2.495982165312983
119,1.6463439790183916
23,0.0
23,0.0
23,0.0
23,0.0
198,1.8237378407019618
52,0.7397003733882802
23,0.0
53,0.7397003733882802
324,2.5496657648360053
53,0.7397003733882802
23,0.0
54,0.7323033696543974
23,0.0
194,1.8313625403665281
21,0.0
51,0.7471720943315961
21,0.0
53,0.7397003733882802
23,0.0
122,1.0886787201941712
75,0.6622820409839835
23,0.0
49,0.7547192872036325
173,1.6615679506909553
21,0.0
104,1.0965133677757952
72,0.6689717585696803
74,0.6622820409839835
51,0.7471720943315961
102,1.234539032988487
54,0.7323033696543974
55,0.7323033696543974
44,0.7249803359578534
437,2.340053662723324
71,0.682554595010387
83,1.2813854493551335
72,0.6757290490602831
77,0.6622820409839835
23,0.0
162,1.3900923589049654
70,0.682554595010387
50,0.7471720943315961
121,1.0819214297035684
71,0.6757290490602831
102,1.2420107539318035
119,1.0996754749436073
52,0.7397003733882802
23,0.0
245,2.1798461928914423
51,0.7471720943315961
21,0.0
21,0.0
69,0.6894490858690777
82,1.294328736722357
50,0.7547192872036325
21,0.0
98,1.1622939932193666
23,0.0
72,0.6689717585696803
96,1.1787877370052764
21,0.0
51,0.7471720943315961
23,0.0
170,1.3343862799412847
71,0.682554595010387
23,0.0
72,0.6757290490602831
23,0.0
344,2.2948849334019292
120,1.1107833080238458
102,1.2420107539318035
69,0.6894490858690777
23,0.0
275,2.495982165312983
53,0.7397003733882802
54,0.7323033696543974
55,0.7323033696543974
23,0.0
99,1.1369510164783783
70,0.6894490858690777
102,1.2420107539318035
74,0.6689717585696803
51,0.7471720943315961
194,1.8313625403665281
23,0.0
51,0.7471720943315961
72,0.6757290490602831
74,0.6689717585696803
194,1.8313625403665281
72,0.6757290490602831
74,0.6689717585696803
75,0.6622820409839835
23,0.0
171,1.6636739351529224
122,1.0819214297035684
51,0.7471720943315961
21,0.0
74,0.6622820409839835
173,1.6615679506909553
72,0.6757290490602831
121,1.0777919329922294
75,0.6622820409839835
52,0.7471720943315961
149,1.459215523921824
169,1.3520361380329542
72,0.6757290490602831
72,0.6689717585696803
75,0.6689717585696803
51,0.7471720943315961
103,1.2295906463924855
71,0.6757290490602831
55,0.7323033696543974
53,0.7397003733882802
116,1.687039765080162
53,0.7397003733882802
71,0.6757290490602831
50,0.7547192872036325
23,0.0
194,1.9474156688545785
23,0.0
49,0.7547192872036325
71,0.6757290490602831
23,0.0
245,2.1798461928914423
71,0.6757290490602831
119,1.0996754749436073
72,0.6757290490602831
53,0.7397003733882802
84,1.2888571702984495
53,0.7397003733882802
54,0.7323033696543974
55,0.7323033696543974
44,0.7249803359578534
220,2.078729148182866
71,0.6757290490602831
50,0.7547192872036325
102,1.2420107539318035
83,1.2888571702984495
69,0.6894490858690777
118,1.1150392092577324
121,1.0845492234828324
53,0.7397003733882802
75,0.6689717585696803
131,1.485047910177086
169,1.3435884808904806
121,1.0845492234828324
76,0.6622820409839835
23,0.0
245,2.1798461928914423
120,1.1107833080238458
72,0.6757290490602831
130,1.5763876108217165
127,1.0792324014324124
344,2.2948849334019292
122,1.0886787201941712
72,0.6757290490602831
102,1.2420107539318035
23,0.0
344,2.2948849334019292
69,0.6894490858690777
100,1.252057983118666
72,0.6757290490602831
102,1.2395374032874793
218,1.9640024184759097
51,0.7471720943315961
53,0.7397003733882802
55,0.7323033696543974
23,0.0
197,1.827481904861011
121,1.0845492234828324
51,0.7471720943315961
121,1.0819214297035684
21,0.0
245,2.1798461928914423
71,0.6757290490602831
102,1.2420107539318035
74,0.6622820409839835
52,0.7397003733882802
119,1.1065699658022983
72,0.6757290490602831
74,0.6757290490602831
123,1.0777919329922294
77,0.6556592205741436
194,1.9474156688545785
84,1.275968598595465
120,1.0928499289935034
72,0.682554595010387
21,0.0
100,1.252057983118666
170,1.3384533015922466
21,0.0
23,0.0
49,0.7547192872036325
99,1.1369510164783783
117,1.6776410883726762
53,0.7397003733882802
55,0.7323033696543974
23,0.0
155,1.7348849666355386
70,0.682554595010387
121,1.0819214297035684
84,1.2888571702984495
23,0.0
193,1.9474156688545785
71,0.6757290490602831
72,0.682554595010387
51,0.7471720943315961
50,0.7547192872036325
201,2.2853865720783735
53,0.7397003733882802
54,0.7323033696543974
99,1.1323387968041978
55,0.7323033696543974
344,2.2948849334019292
102,1.2420107539318035
122,1.0886787201941712
75,0.6622820409839835
77,0.6622820409839835
192,1.4957907178979584
71,0.682554595010387
23,0.0
77,0.6556592205741436
23,0.0
149,1.44549548711303
82,1.294328736722357
53,0.7397003733882802
53,0.7397003733882802
73,0.6689717585696803
98,1.1553298610388714
49,0.7547192872036325
121,1.0955042661442753
23,0.0
23,0.0
275,2.495982165312983
119,1.6463439790183916
55,0.7323033696543974
44,0.7249803359578534
45,0.7177305325982748
171,1.363143971113192
72,0.6689717585696803
70,0.682554595010387
74,0.6622820409839835
77,0.6556592205741436
170,1.3452105920828497
51,0.7471720943315961
53,0.7397003733882802
51,0.7471720943315961
23,0.0
171,1.363143971113192
72,0.6689717585696803
74,0.6622820409839835
121,1.0996754749436073
23,0.0
344,2.2948849334019292
102,1.2420107539318035
100,1.150671053287173
52,0.7397003733882802
23,0.0
196,1.8291365308176584
119,1.1177474402043417
23,0.0
23,0.0
23,0.0
245,2.1798461928914423
120,1.1107833080238458
52,0.7397003733882802
23,0.0
23,0.0
275,2.495982165312983
68,0.6964132180495735
53,0.7397003733882802
71,0.682554595010387
23,0.0
99,1.1369510164783783
51,0.7471720943315961
53,0.7397003733882802
171,1.323540787706457
75,0.6622820409839835
344,2.2948849334019292
102,1.2420107539318035
52,0.7397003733882802
23,0.0
23,0.0
275,2.495982165312983
53,0.7397003733882802
54,0.7323033696543974
55,0.7323033696543974
58,1.3422704769001415
194,1.8313625403665281
122,1.0845492234828324
75,0.6556592205741436
77,0.6556592205741436
23,0.0
194,1.8313625403665281
72,0.6757290490602831
74,0.6689717585696803
23,0.0
75,0.6622820409839835
194,1.8313625403665281
51,0.7471720943315961
72,0.6757290490602831
74,0.6689717585696803
75,0.6622820409839835
171,1.6636739351529224
121,1.0845492234828324
123,1.0737037312480042
74,0.6757290490602831
75,0.6622820409839835
194,1.8313625403665281
51,0.7471720943315961
122,1.0845492234828324
74,0.6689717585696803
77,0.6556592205741436
275,2.495982165312983
53,0.7397003733882802
54,0.7323033696543974
68,0.6964132180495735
23,0.0
23,0.0
102,1.2420107539318035
71,0.6757290490602831
71,0.682554595010387
72,0.6757290490602831
245,2.1798461928914423
102,1.2420107539318035
71,0.6757290490602831
23,0.0
23,0.0
121,1.102398757002966
165,1.39601079458909
23,0.0
23,0.0
23,0.0
194,1.8313625403665281
72,0.6757290490602831
51,0.7471720943315961
74,0.6689717585696803
75,0.6622820409839835
190,1.5209578935740256
53,0.7397003733882802
74,0.6689717585696803
23,0.0
77,0.6556592205741436
116,1.1193380993929711
170,1.3384533015922466
77,0.6556592205741436
78,0.6491026283684022
49,0.7547192872036325
194,1.8313625403665281
122,1.0845492234828324
21,0.0
74,0.6689717585696803
23,0.0
173,1.6615679506909553
121,1.0845492234828324
23,0.0
123,1.0737037312480042
75,0.6622820409839835
194,1.8313625403665281
122,1.0845492234828324
74,0.6689717585696803
77,0.6556592205741436
23,0.0
23,0.0
51,0.7471720943315961
23,0.0
155,1.8845539527358102
107,1.2028900112400474
201,2.2853865720783735
53,0.7397003733882802
54,0.7323033696543974
55,0.7323033696543974
23,0.0
275,2.495982165312983
21,0.0
53,0.7397003733882802
54,0.7323033696543974
68,0.6964132180495735
151,1.9241438357498102
23,0.0
23,0.0
23,0.0
23,0.0
436,2.340226095021858
21,0.0
98,1.1553298610388714
49,0.7547192872036325
23,0.0
122,1.0845492234828324
102,1.2420107539318035
72,0.6757290490602831
77,0.6556592205741436
75,0.6689717585696803
389,2.322982865168559
50,0.7547192872036325
21,0.0
52,0.7397003733882802
23,0.0
170,1.361479726498607
122,1.0819214297035684
23,0.0
75,0.6689717585696803
77,0.6622820409839835
194,1.8313625403665281
21,0.0
51,0.7471720943315961
53,0.7397003733882802
21,0.0
169,1.3369098865721787
23,0.0
23,0.0
71,0.682554595010387
102,1.2420107539318035
194,1.8313625403665281
21,0.0
51,0.7471720943315961
53,0.7397003733882802
72,0.6757290490602831
275,2.495982165312983
21,0.0
53,0.7397003733882802
23,0.0
54,0.7323033696543974
102,1.2420107539318035
52,0.7397003733882802
23,0.0
23,0.0
23,0.0
194,1.8313625403665281
103,1.1232522628240942
74,0.6689717585696803
75,0.6622820409839835
77,0.6556592205741436
155,1.7165527101525626
151,1.5399980589167914
23,0.0
69,0.6894490858690777
54,0.7323033696543974
322,2.550208023417046
23,0.0
23,0.0
21,0.0
132,1.581385981120708
194,1.8313625403665281
21,0.0
23,0.0
21,0.0
21,0.0
100,1.252057983118666
52,0.7397003733882802
51,0.7471720943315961
53,0.7397003733882802
53,0.7397003733882802
71,0.6757290490602831
212,1.653907982106167
23,0.0
49,0.7547192872036325
74,0.6689717585696803
186,1.535975086283738
122,1.0845492234828324
75,0.6622820409839835
77,0.6556592205741436
78,0.6491026283684022
51,0.7471720943315961
53,0.7397003733882802
54,0.7323033696543974
55,0.7323033696543974
23,0.0
344,2.2948849334019292
49,0.7547192872036325
23,0.0
23,0.0
23,0.0
344,2.2948849334019292
122,1.0886787201941712
49,0.7547192872036325
23,0.0
23,0.0
275,2.4943927382209847
119,1.6463439790183916
55,0.7323033696543974
44,0.7249803359578534
45,0.7177305325982748
226,2.4049659613434247
23,0.0
53,0.7397003733882802
54,0.7323033696543974
55,0.7323033696543974
173,1.5941045161221186
169,1.3520361380329542
73,0.6757290490602831
123,1.0737037312480042
75,0.6622820409839835
344,2.2948849334019292
23,0.0
122,1.0886787201941712
102,1.2420107539318035
52,0.7397003733882802
275,2.495982165312983
149,1.5430835036231376
23,0.0
54,0.7323033696543974
23,0.0
275,2.495982165312983
84,1.275968598595465
23,0.0
147,1.4967768008244198
54,0.7323033696543974
194,1.8313625403665281
21,0.0
122,1.0845492234828324
51,0.7471720943315961
23,0.0
169,1.778593512273888
102,1.2420107539318035
23,0.0
98,1.2698564046274354
69,0.6894490858690777
345,2.2948849334019292
21,0.0
53,0.7397003733882802
49,0.7547192872036325
120,1.1107833080238458
220,2.078729148182866
120,1.0928499289935034
121,1.0913747694329363
102,1.2420107539318035
69,1.2017861055307872
275,2.495982165312983
102,1.234539032988487
54,0.7323033696543974
21,0.0
55,0.7323033696543974
102,1.2420107539318035
122,1.0886787201941712
71,0.682554595010387
75,0.6622820409839835
23,0.0
201,2.2853865720783735
23,0.0
23,0.0
23,0.0
23,0.0
344,2.2948849334019292
49,0.7547192872036325
23,0.0
23,0.0
23,0.0
170,1.361479726498607
73,0.6757290490602831
23,0.0
75,0.6689717585696803
123,1.0777919329922294
170,1.361479726498607
122,1.0819214297035684
74,0.6622820409839835
75,0.6689717585696803
23,0.0
155,1.7348849666355386
51,0.7471720943315961
120,1.0996754749436073
72,0.6757290490602831
124,1.0777919329922294
51,0.7471720943315961
53,0.7397003733882802
54,0.7323033696543974
55,0.7323033696543974
44,0.7249803359578534
151,1.9241438357498102
53,0.7397003733882802
23,0.0
67,0.7034476949995692
54,0.7323033696543974
295,2.2509767449168576
21,0.0
121,1.102398757002966
102,1.2420107539318035
75,0.6622820409839835
101,1.247009124230795
23,0.0
23,0.0
84,1.2888571702984495
23,0.0
152,1.3525959403997063
72,0.6757290490602831
172,1.7611536707631834
21,0.0
23,0.0
99,1.1369510164783783
192,1.4940682185960434
75,0.6622820409839835
51,0.7471720943315961
77,0.6556592205741436
344,2.2948849334019292
49,0.7547192872036325
23,0.0
23,0.0
23,0.0
151,1.5474697798601076
105,1.2246917436624432
54,0.7323033696543974
55,0.7323033696543974
44,0.7249803359578534
226,2.4049659613434247
23,0.0
23,0.0
100,1.1323387968041978
53,0.7397003733882802
169,1.778593512273888
102,1.2420107539318035
52,0.7397003733882802
150,1.5301507695907481
23,0.0
194,1.8313625403665281
23,0.0
51,0.7471720943315961
53,0.7397003733882802
155,1.8022515575586995
209,1.679720023437363
74,0.6622820409839835
23,0.0
122,1.0845492234828324
124,1.052337026996169
186,1.535975086283738
74,0.6622820409839835
77,0.6556592205741436
175,1.3294145225177625
78,0.6491026283684022
201,2.2837971449863765
53,0.7397003733882802
54,0.7323033696543974
68,0.6964132180495735
23,0.0
195,1.8308078701678074
21,0.0
50,0.7471720943315961
23,0.0
122,1.0819214297035684
225,2.4074261791227385
115,1.130644544841385
100,1.1323387968041978
21,0.0
23,0.0
99,1.1369510164783783
51,0.7471720943315961
53,0.7397003733882802
53,0.7397003733882802
55,0.7323033696543974
150,1.5637190645678083
169,1.341039383283517
21,0.0
72,0.6757290490602831
23,0.0
151,1.9241438357498102
53,0.7397003733882802
23,0.0
54,0.7323033696543974
23,0.0
133,1.4770919219340057
23,0.0
23,0.0
23,0.0
171,1.3292601155974366
53,0.7323033696543974
53,0.7397003733882802
23,0.0
23,0.0
23,0.0
84,1.283440319538781
51,0.7471720943315961
100,1.150671053287173
71,0.682554595010387
52,0.7397003733882802
175,1.5569394021459466
102,1.2420107539318035
72,0.6757290490602831
23,0.0
117,1.1220033414382282
390,2.322262803966041
131,1.485047910177086
72,0.6757290490602831
77,0.6622820409839835
53,0.6556592205741436
99,1.1369510164783783
51,0.7471720943315961
51,0.7471720943315961
23,0.0
149,1.5381351170271362
344,2.2948849334019292
102,1.2420107539318035
52,0.7397003733882802
167,1.7407492157874762
21,0.0
194,1.9474156688545785
102,1.2420107539318035
52,0.7397003733882802
104,1.2246917436624432
21,0.0
225,2.4074261791227385
71,0.6757290490602831
23,0.0
85,1.2706059163433931
105,1.2124448262258187
72,0.6689717585696803
51,0.7471720943315961
53,0.7397003733882802
53,0.7397003733882802
21,0.0
344,2.2948849334019292
49,0.7547192872036325
23,0.0
23,0.0
23,0.0
171,1.6636739351529224
72,0.6757290490602831
74,0.6757290490602831
75,0.6689717585696803
50,0.7547192872036325
214,1.654278314323342
23,0.0
23,0.0
23,0.0
23,0.0
201,2.2837971449863765
23,0.0
97,1.1669998596352236
21,0.0
117,1.664752516669692
344,2.2948849334019292
70,0.6894490858690777
121,1.0928499289935034
77,0.6622820409839835
21,0.0
84,1.2888571702984495
23,0.0
53,0.7397003733882802
54,0.7323033696543974
55,0.7323033696543974
217,2.0813953437125385
100,1.150671053287173
84,1.275968598595465
71,0.682554595010387
23,0.0
162,1.3900923589049654
120,1.0996754749436073
21,0.0
23,0.0
121,1.0845492234828324
169,1.6579281641116568
68,0.6964132180495735
23,0.0
84,1.2964043631704858
150,1.3473538831057412
51,0.7471720943315961
21,0.0
53,0.7397003733882802
54,0.7323033696543974
55,0.7323033696543974
225,2.4074261791227385
21,0.0
53,0.7397003733882802
54,0.7323033696543974
23,0.0
23,0.0
51,0.7471720943315961
71,0.6757290490602831
53,0.7397003733882802
53,0.7397003733882802
103,1.2370623673358012
23,0.0
53,0.7397003733882802
54,0.7323033696543974
55,0.7323033696543974
196,1.8291365308176584
72,0.6757290490602831
74,0.6757290490602831
75,0.6689717585696803
72,0.6689717585696803
101,1.121015408836156
51,0.7471720943315961
23,0.0
53,0.7397003733882802
53,0.7397003733882802
225,2.4074261791227385
102,1.234539032988487
54,0.7323033696543974
55,0.7323033696543974
44,0.7249803359578534
194,1.8313625403665281
51,0.7471720943315961
53,0.7397003733882802
23,0.0
84,1.275968598595465
295,2.2509767449168576
21,0.0
102,1.2420107539318035
122,1.0886787201941712
75,0.6622820409839835
225,2.4077793158733725
53,0.7397003733882802
115,1.130644544841385
21,0.0
54,0.7323033696543974
148,1.3679533340433645
51,0.7471720943315961
53,0.7397003733882802
152,1.5399980589167914
55,0.7323033696543974
275,2.495982165312983
102,1.234539032988487
23,0.0
21,0.0
54,0.7323033696543974
295,2.2509767449168576
172,1.7807625055782301
21,0.0
86,1.2706059163433931
21,0.0
151,1.9241438357498102
119,1.6463439790183916
49,0.7547192872036325
55,0.7323033696543974
21,0.0
196,1.8291365308176584
122,1.0819214297035684
23,0.0
21,0.0
74,0.6622820409839835
225,2.409015606214736
149,1.5681496466253537
53,0.7397003733882802
85,1.2632089126095103
55,0.7323033696543974
345,2.2948849334019292
100,1.150671053287173
71,0.682554595010387
53,0.7397003733882802
53,0.7397003733882802
295,2.2509767449168576
50,0.7547192872036325
118,1.1013191724489382
49,0.7547192872036325
23,0.0
194,1.8313625403665281
51,0.7471720943315961
122,1.0845492234828324
53,0.7397003733882802
53,0.7397003733882802
220,2.078729148182866
71,0.6757290490602831
23,0.0
23,0.0
74,0.6622820409839835
194,1.8313625403665281
51,0.7471720943315961
53,0.7397003733882802
84,1.275968598595465
55,0.7323033696543974
194,1.8313625403665281
51,0.7471720943315961
53,0.7397003733882802
84,1.275968598595465
69,0.6894490858690777
122,1.0845492234828324
102,1.2420107539318035
72,0.6757290490602831
52,0.7397003733882802
23,0.0
345,2.2948849334019292
100,1.150671053287173
71,0.682554595010387
53,0.7397003733882802
23,0.0
176,2.1264438628785873
53,0.7397003733882802
54,0.7323033696543974
55,0.7323033696543974
44,0.7249803359578534
344,2.2948849334019292
102,1.2420107539318035
71,0.6757290490602831
72,0.6757290490602831
52,0.7397003733882802
275,2.495982165312983
119,1.1107833080238458
53,0.7397003733882802
54,0.7323033696543974
68,0.6964132180495735
196,1.8291365308176584
23,0.0
122,1.0886787201941712
72,0.6757290490602831
75,0.6689717585696803
194,1.8313625403665281
51,0.7471720943315961
53,0.7397003733882802
149,1.5430835036231376
51,0.7471720943315961
86,1.278077637286709
96,1.1669998596352236
53,0.7397003733882802
21,0.0
23,0.0
103,1.2370623673358012
53,0.7397003733882802
54,0.7323033696543974
55,0.7323033696543974
44,0.7249803359578534
295,2.2509767449168576
50,0.7547192872036325
98,1.1553298610388714
23,0.0
71,0.682554595010387
275,2.495982165312983
84,1.275968598595465
23,0.0
23,0.0
54,0.7323033696543974
185,1.5378231319232225
23,0.0
23,0.0
171,1.3343862799412847
75,0.6622820409839835
122,1.0845492234828324
102,1.2420107539318035
75,0.6622820409839835
71,0.682554595010387
23,0.0
275,2.495982165312983
119,1.6463439790183916
55,0.7323033696543974
44,0.7249803359578534
45,0.7177305325982748
148,1.3679533340433645
51,0.7471720943315961
53,0.7397003733882802
23,0.0
84,1.275968598595465
196,1.8291365308176584
121,1.0845492234828324
171,1.3342820927929144
123,1.056343873525684
21,0.0
196,1.8291365308176584
121,1.0845492234828324
171,1.3292601155974366
75,0.6622820409839835
77,0.6556592205741436
131,1.485047910177086
149,1.3787175635286666
100,1.259605175990702
72,0.6689717585696803
23,0.0
194,1.8313625403665281
51,0.7471720943315961
122,1.0845492234828324
74,0.6689717585696803
77,0.6556592205741436
295,2.2509767449168576
50,0.7547192872036325
21,0.0
122,1.0886787201941712
72,0.6757290490602831
100,1.252057983118666
50,0.7547192872036325
120,1.1107833080238458
71,0.682554595010387
72,0.6757290490602831
196,1.8291365308176584
121,1.0845492234828324
123,1.0737037312480042
75,0.6622820409839835
77,0.6556592205741436
171,1.6636739351529224
121,1.0777919329922294
72,0.6757290490602831
50,0.7547192872036325
21,0.0
194,1.8313625403665281
51,0.7471720943315961
122,1.0845492234828324
74,0.6689717585696803
77,0.6556592205741436
171,1.6636739351529224
72,0.6757290490602831
74,0.6757290490602831
75,0.6689717585696803
124,1.0777919329922294
194,1.8313625403665281
51,0.7471720943315961
122,1.0845492234828324
74,0.6689717585696803
77,0.6556592205741436
51,0.7471720943315961
23,0.0
53,0.7397003733882802
54,0.7323033696543974
52,0.7397003733882802
275,2.495982165312983
102,1.234539032988487
23,0.0
54,0.7323033696543974
55,0.7323033696543974
23,0.0
69,0.6894490858690777
23,0.0
187,1.5425003770550745
74,0.6689717585696803
149,1.44549548711303
51,0.7471720943315961
102,1.234539032988487
23,0.0
51,0.7471720943315961
194,1.8313625403665281
51,0.7471720943315961
122,1.0845492234828324
23,0.0
23,0.0
99,1.1369510164783783
73,0.6689717585696803
51,0.7471720943315961
123,1.0777919329922294
53,0.7397003733882802
324,2.5496657648360053
175,1.7352690821339345
21,0.0
54,0.7323033696543974
55,0.7323033696543974
275,2.495982165312983
119,1.6463439790183916
55,0.7323033696543974
44,0.7249803359578534
45,0.7177305325982748
170,1.6603699348191103
53,0.7397003733882802
53,0.7397003733882802
55,0.7323033696543974
44,0.7249803359578534
131,1.493084261937773
71,0.682554595010387
72,0.6689717585696803
101,1.1277726993267583
151,1.4301771349957797
131,1.493084261937773
150,1.371755933843483
121,1.0845492234828324
49,0.7547192872036325
124,1.0656495649917055
169,1.5898882017037235
74,0.6622820409839835
77,0.6556592205741436
23,0.0
23,0.0
102,1.2420107539318035
52,0.7397003733882802
23,0.0
23,0.0
23,0.0
172,1.7611536707631834
23,0.0
23,0.0
23,0.0
23,0.0
324,2.5496657648360053
119,1.6463439790183916
55,0.7323033696543974
58,1.3422704769001415
23,0.0
149,1.44549548711303
82,1.294328736722357
149,1.5381351170271362
56,0.7177305325982748
71,0.682554595010387
170,1.3342820927929144
51,0.7471720943315961
73,0.6689717585696803
53,0.7397003733882802
53,0.7397003733882802
176,2.1264438628785873
134,1.6347168962773573
23,0.0
54,0.7323033696543974
23,0.0
102,1.2420107539318035
53,0.7397003733882802
54,0.7323033696543974
55,0.7323033696543974
44,0.7249803359578534
171,1.6636739351529224
23,0.0
134,1.447697792687519
122,1.0819214297035684
75,0.6689717585696803
102,1.2420107539318035
23,0.0
53,0.7397003733882802
54,0.7323033696543974
55,0.7323033696543974
131,1.493084261937773
173,1.5781634709608974
168,1.3394589841791418
23,0.0
23,0.0
185,1.5378231319232225
101,1.1277726993267583
23,0.0
171,1.3343862799412847
75,0.6689717585696803
194,1.8313625403665281
68,0.6964132180495735
73,0.6689717585696803
23,0.0
122,1.0777919329922294
153,1.541391145244135
103,1.2295906463924855
54,0.7323033696543974
21,0.0
55,0.7323033696543974
194,1.8313625403665281
51,0.7471720943315961
53,0.7397003733882802
119,1.1107833080238458
53,0.7397003733882802
169,1.5898882017037235
74,0.6622820409839835
77,0.6556592205741436
23,0.0
23,0.0
295,2.2509767449168576
167,1.368267914787794
72,0.6757290490602831
53,0.7397003733882802
21,0.0
344,2.2948849334019292
23,0.0
102,1.2420107539318035
100,1.150671053287173
52,0.7397003733882802
196,1.8291365308176584
122,1.0819214297035684
21,0.0
68,0.6964132180495735
21,0.0
186,1.5341455211006476
103,1.1232522628240942
23,0.0
171,1.3343862799412847
75,0.6689717585696803
188,1.5144324133309421
83,1.2813854493551335
23,0.0
172,1.7398218825604836
23,0.0
395,2.3214496538324165
21,0.0
50,0.7547192872036325
21,0.0
21,0.0
194,1.8313625403665281
51,0.7471720943315961
171,1.3318879093767009
23,0.0
53,0.7397003733882802
176,2.1264438628785873
53,0.7397003733882802
54,0.7323033696543974
55,0.7323033696543974
44,0.7249803359578534
176,2.1264438628785873
53,0.7397003733882802
54,0.7323033696543974
55,0.7323033696543974
44,0.7249803359578534
71,0.6757290490602831
51,0.7471720943315961
169,1.3369098865721787
75,0.6556592205741436
72,0.6689717585696803
149,1.44549548711303
191,1.4975306161827207
117,1.126302231573467
23,0.0
23,0.0
201,2.2837971449863765
53,0.7397003733882802
54,0.7323033696543974
68,0.6964132180495735
55,0.7323033696543974
344,2.2948849334019292
23,0.0
71,0.6757290490602831
74,0.6622820409839835
50,0.7547192872036325
173,1.6615679506909553
21,0.0
101,1.1277726993267583
122,1.0819214297035684
75,0.6689717585696803
173,1.6615679506909553
101,1.1277726993267583
171,1.3301525960815757
77,0.6556592205741436
78,0.6491026283684022
345,2.2948849334019292
153,1.7399576708733966
72,0.682554595010387
71,0.682554595010387
23,0.0
23,0.0
134,1.6476054679803418
192,1.5192004205591132
74,0.6689717585696803
77,0.6556592205741436
23,0.0
190,1.5167497006903854
51,0.7471720943315961
103,1.2295906463924855
192,1.495658049775683
194,1.8313625403665281
51,0.7471720943315961
191,1.510899715048443
74,0.6689717585696803
77,0.6556592205741436
173,1.6615679506909553
101,1.1277726993267583
171,1.3343862799412847
124,1.0777919329922294
75,0.6689717585696803
194,1.8313625403665281
68,0.6964132180495735
73,0.6689717585696803
74,0.6689717585696803
75,0.6622820409839835
295,2.2509767449168576
171,1.3494239343043974
21,0.0
23,0.0
21,0.0
194,1.8313625403665281
202,1.7713710660993367
23,0.0
21,0.0
23,0.0
194,1.9474156688545785
98,1.1553298610388714
21,0.0
21,0.0
21,0.0
23,0.0
49,0.7547192872036325
71,0.6757290490602831
21,0.0
23,0.0
84,1.283440319538781
23,0.0
50,0.7471720943315961
23,0.0
119,1.129037818388224
151,1.441568778423323
72,0.6689717585696803
135,1.6476054679803418
104,1.1120197401958531
23,0.0
51,0.7471720943315961
51,0.7471720943315961
152,1.5449964292157838
21,0.0
69,0.6894490858690777
152,1.453075488956195
150,1.3649303878933798
75,0.6689717585696803
76,0.6622820409839835
23,0.0
344,2.2948849334019292
84,1.275968598595465
21,0.0
21,0.0
51,0.7471720943315961
23,0.0
116,1.1193380993929711
70,0.682554595010387
23,0.0
23,0.0
101,1.247009124230795
84,1.2888571702984495
23,0.0
23,0.0
23,0.0
51,0.7471720943315961
23,0.0
171,1.3301525960815757
115,1.6815681986562545
75,0.6622820409839835
86,1.278077637286709
150,1.5350496723207896
170,1.3452105920828497
51,0.7471720943315961
53,0.7397003733882802
295,2.2509767449168576
98,1.1553298610388714
71,0.682554595010387
100,1.252057983118666
23,0.0
51,0.7471720943315961
53,0.7397003733882802
53,0.7397003733882802
55,0.7323033696543974
23,0.0
220,2.078729148182866
122,1.0886787201941712
102,1.2420107539318035
23,0.0
23,0.0
102,1.2420107539318035
53,0.7397003733882802
54,0.7323033696543974
55,0.7323033696543974
44,0.7249803359578534
245,2.1798461928914423
100,1.150671053287173
71,0.682554595010387
72,0.6757290490602831
102,1.2420107539318035
149,1.44549548711303
51,0.7471720943315961
171,1.3251306188860983
75,0.6622820409839835
77,0.6556592205741436
51,0.7471720943315961
100,1.1323387968041978
174,1.7384026191789195
23,0.0
23,0.0
122,1.0886787201941712
75,0.6622820409839835
77,0.6556592205741436
75,0.6689717585696803
102,1.2420107539318035
189,1.5185619100422807
102,1.2420107539318035
23,0.0
23,0.0
23,0.0
162,1.3900923589049654
119,1.0860926385029004
23,0.0
74,0.6622820409839835
21,0.0
199,2.287430006695836
23,0.0
53,0.7397003733882802
54,0.7323033696543974
23,0.0
194,1.8313625403665281
51,0.7471720943315961
171,1.3318879093767009
51,0.7471720943315961
74,0.6689717585696803
101,1.121015408836156
169,1.3369098865721787
123,1.0737037312480042
77,0.6556592205741436
78,0.6556592205741436
344,2.2948849334019292
149,1.371892017578562
102,1.2420107539318035
77,0.6622820409839835
21,0.0
194,1.8313625403665281
191,1.5058777378529642
21,0.0
21,0.0
23,0.0
84,1.2888571702984495
53,0.7397003733882802
54,0.7323033696543974
52,0.7397003733882802
21,0.0
122,1.0845492234828324
21,0.0
51,0.7471720943315961
21,0.0
71,0.682554595010387
71,0.6757290490602831
49,0.7547192872036325
51,0.7471720943315961
148,1.4554376438776255
72,0.6757290490602831
53,0.7323033696543974
69,0.6964132180495735
190,1.51841394530497
77,0.6556592205741436
49,0.7547192872036325
324,2.5496657648360053
86,1.265296860913842
23,0.0
50,0.7547192872036325
54,0.7323033696543974
173,1.6615679506909553
150,1.4332317252550628
170,1.3342820927929144
77,0.6556592205741436
78,0.6491026283684022
244,2.066140847474472
23,0.0
23,0.0
23,0.0
23,0.0
170,1.6603699348191103
23,0.0
23,0.0
23,0.0
23,0.0
196,1.8291365308176584
105,1.1187770306864557
122,1.0819214297035684
75,0.6689717585696803
23,0.0
196,1.8291365308176584
122,1.0819214297035684
23,0.0
23,0.0
120,1.0886787201941712
344,2.2948849334019292
102,1.2420107539318035
131,1.485047910177086
23,0.0
23,0.0
344,2.2948849334019292
102,1.2420107539318035
71,0.6757290490602831
21,0.0
84,1.275968598595465
151,1.5474697798601076
53,0.7397003733882802
54,0.7323033696543974
55,0.7323033696543974
44,0.7249803359578534
176,2.1264438628785873
53,0.7397003733882802
54,0.7323033696543974
55,0.7323033696543974
44,0.7249803359578534
194,1.8313625403665281
68,0.6964132180495735
23,0.0
51,0.7471720943315961
53,0.7397003733882802
344,2.2948849334019292
120,1.1107833080238458
102,1.2420107539318035
23,0.0
23,0.0
171,1.6636739351529224
120,1.0886787201941712
23,0.0
74,0.6622820409839835
77,0.6556592205741436
194,1.8313625403665281
51,0.7471720943315961
151,1.5222462656287228
23,0.0
55,0.7323033696543974
194,1.8313625403665281
51,0.7471720943315961
53,0.7397003733882802
149,1.5430835036231376
55,0.7323033696543974
99,1.1369510164783783
51,0.7471720943315961
122,1.0737037312480042
53,0.7397003733882802
53,0.7397003733882802
345,2.2948849334019292
102,1.2420107539318035
71,0.6757290490602831
71,0.682554595010387
52,0.7397003733882802
194,1.8313625403665281
51,0.7471720943315961
152,1.5369434686575092
135,1.5288444862248964
23,0.0
176,2.1264438628785873
53,0.7397003733882802
23,0.0
52,0.7397003733882802
23,0.0
344,2.2948849334019292
102,1.2420107539318035
23,0.0
52,0.7397003733882802
167,1.7407492157874762
324,2.5496657648360053
53,0.7397003733882802
54,0.7323033696543974
23,0.0
21,0.0
190,1.5142006030834227
51,0.7471720943315961
53,0.7397003733882802
74,0.6689717585696803
75,0.6622820409839835
245,2.1798461928914423
102,1.2420107539318035
23,0.0
23,0.0
23,0.0
223,2.0579367983279098
102,1.2420107539318035
23,0.0
71,0.6757290490602831
23,0.0
170,1.6603699348191103
102,1.234539032988487
72,0.6757290490602831
51,0.7471720943315961
23,0.0
226,2.4049659613434247
102,1.234539032988487
54,0.7323033696543974
55,0.7323033696543974
44,0.7249803359578534
194,1.8313625403665281
51,0.7471720943315961
131,1.5606237347134992
51,0.7471720943315961
71,0.6894490858690777
176,2.1264438628785873
53,0.7397003733882802
103,1.1345982452768628
55,0.7323033696543974
44,0.7249803359578534
197,1.827481904861011
121,1.0845492234828324
23,0.0
123,1.0777919329922294
75,0.6689717585696803
191,1.5354695549748711
118,1.0903059807244488
23,0.0
150,1.3608008911820406
74,0.6757290490602831
191,1.5082719212691786
51,0.7471720943315961
73,0.6689717585696803
74,0.6689717585696803
75,0.6622820409839835
245,2.1798461928914423
23,0.0
23,0.0
23,0.0
23,0.0
217,1.6514401971323116
74,0.6689717585696803
77,0.6556592205741436
21,0.0
23,0.0
321,2.550755759357491
169,1.3769131021345375
23,0.0
53,0.7397003733882802
54,0.7323033696543974
152,1.453075488956195
150,1.3649303878933798
72,0.6689717585696803
75,0.6689717585696803
74,0.6622820409839835
186,1.5341455211006476
103,1.1232522628240942
171,1.3343862799412847
23,0.0
75,0.6622820409839835
23,0.0
82,1.294328736722357
216,1.654533425466145
103,1.2295906463924855
58,0.7105532272722921
191,1.4975306161827207
84,1.275968598595465
23,0.0
53,0.7397003733882802
75,0.6622820409839835
324,2.5496657648360053
119,1.6463439790183916
55,0.7323033696543974
44,0.7249803359578534
56,0.7249803359578534
344,2.2948849334019292
131,1.485047910177086
49,0.7547192872036325
23,0.0
23,0.0
275,2.495982165312983
149,1.5430835036231376
54,0.7323033696543974
23,0.0
23,0.0
324,2.5496657648360053
53,0.7397003733882802
54,0.7323033696543974
23,0.0
55,0.7323033696543974
344,2.2948849334019292
102,1.2420107539318035
131,1.485047910177086
23,0.0
23,0.0
225,2.409015606214736
53,0.7397003733882802
54,0.7323033696543974
55,0.7323033696543974
44,0.7249803359578534
99,1.150671053287173
171,1.657349071911625
122,1.0819214297035684
101,1.1277726993267583
23,0.0
344,2.2948849334019292
102,1.2420107539318035
52,0.7397003733882802
167,1.7407492157874762
23,0.0
295,2.2509767449168576
102,1.2420107539318035
84,1.275968598595465
50,0.7547192872036325
168,1.7355886410662258
102,1.2420107539318035
23,0.0
53,0.7397003733882802
71,0.6757290490602831
54,0.7323033696543974
344,2.2948849334019292
102,1.2420107539318035
52,0.7397003733882802
23,0.0
167,1.7407492157874762
134,1.6476054679803418
192,1.5192004205591132
74,0.6689717585696803
77,0.6556592205741436
23,0.0
198,1.8002966152449489
51,0.7471720943315961
53,0.7397003733882802
156,1.4904736206069114
172,1.3168510701207599
324,2.5496657648360053
84,1.275968598595465
54,0.7323033696543974
55,0.7323033696543974
44,0.7249803359578534
344,2.2948849334019292
102,1.2420107539318035
122,1.0886787201941712
72,0.6757290490602831
23,0.0
225,2.409015606214736
97,1.1669998596352236
53,0.7397003733882802
52,0.7397003733882802
54,0.7323033696543974
344,2.2948849334019292
102,1.2420107539318035
131,1.485047910177086
52,0.7397003733882802
175,1.7274858681790655
324,2.5496657648360053
23,0.0
70,0.6894490858690777
53,0.7397003733882802
54,0.7323033696543974
194,1.8313625403665281
68,0.6964132180495735
21,0.0
21,0.0
51,0.7471720943315961
151,1.9241438357498102
53,0.7397003733882802
54,0.7323033696543974
55,0.7323033696543974
44,0.7249803359578534
344,2.2948849334019292
131,1.485047910177086
102,1.2420107539318035
21,0.0
23,0.0
344,2.2948849334019292
49,0.7547192872036325
23,0.0
23,0.0
23,0.0
196,1.7461416329371178
122,1.0845492234828324
74,0.6689717585696803
77,0.6556592205741436
23,0.0
102,1.2420107539318035
21,0.0
189,1.5570104749609393
53,0.7397003733882802
55,0.7323033696543974
23,0.0
133,1.6512291881589467
70,0.682554595010387
53,0.7397003733882802
55,0.7323033696543974
196,1.8291365308176584
103,1.1232522628240942
172,1.6407755811925089
23,0.0
75,0.6689717585696803
23,0.0
168,1.6579281641116568
102,1.2420107539318035
23,0.0
23,0.0
248,2.055654684015292
72,0.6757290490602831
21,0.0
21,0.0
103,1.1232522628240942
99,1.150671053287173
152,1.438544734066633
72,0.6757290490602831
100,1.252057983118666
74,0.6757290490602831
275,2.495982165312983
53,0.7397003733882802
54,0.7323033696543974
55,0.7323033696543974
44,0.7249803359578534
186,1.535975086283738
173,1.3209392718649853
78,0.6491026283684022
51,0.7471720943315961
23,0.0
324,2.5496657648360053
86,1.265296860913842
54,0.7323033696543974
55,0.7323033696543974
44,0.7249803359578534
99,1.1369510164783783
153,1.9061389488552563
194,1.492362944287148
50,0.7547192872036325
72,0.682554595010387
194,1.8313625403665281
190,1.510899715048443
23,0.0
74,0.6689717585696803
84,1.275968598595465
196,1.8291365308176584
103,1.1232522628240942
73,0.6757290490602831
124,1.0777919329922294
75,0.6689717585696803
99,1.1369510164783783
139,1.9681295826826406
153,1.5369434686575092
55,0.7323033696543974
123,1.0845492234828324
173,1.6615679506909553
101,1.1277726993267583
122,1.0819214297035684
74,0.6622820409839835
77,0.6556592205741436
170,1.6603699348191103
51,0.7471720943315961
53,0.7397003733882802
104,1.2246917436624432
23,0.0
324,2.5496657648360053
53,0.7397003733882802
23,0.0
70,0.6894490858690777
54,0.7323033696543974
295,2.2509767449168576
69,0.6894490858690777
72,0.682554595010387
150,1.4446233686826058
52,0.7397003733882802
194,1.8313625403665281
51,0.7471720943315961
192,1.4824067435868233
23,0.0
51,0.7471720943315961
275,2.495982165312983
120,1.1135340979827941
23,0.0
21,0.0
21,0.0
155,1.7348849666355386
71,0.6894490858690777
21,0.0
70,0.6894490858690777
120,1.0996754749436073
225,2.4077793158733725
53,0.7397003733882802
181,1.5965190087575687
21,0.0
54,0.7323033696543974
194,1.8313625403665281
169,1.3369098865721787
74,0.6689717585696803
77,0.6556592205741436
23,0.0
23,0.0
102,1.2420107539318035
52,0.7397003733882802
23,0.0
23,0.0
51,0.7471720943315961
53,0.7397003733882802
54,0.7323033696543974
209,1.7200585875543002
55,0.7323033696543974
71,0.6757290490602831
51,0.7471720943315961
155,1.8845539527358102
189,1.5144324133309421
23,0.0
194,1.8313625403665281
68,0.6964132180495735
51,0.7471720943315961
53,0.7397003733882802
191,1.4975306161827207
193,1.9474156688545785
69,0.6894490858690777
149,1.3540436006914383
71,0.682554595010387
72,0.6757290490602831
169,1.6840358391608221
68,0.6964132180495735
52,0.7397003733882802
71,0.682554595010387
21,0.0
102,1.2420107539318035
21,0.0
213,1.6964860437361657
50,0.7547192872036325
53,0.7397003733882802
275,2.495982165312983
53,0.7397003733882802
54,0.7323033696543974
68,0.6964132180495735
55,0.7323033696543974
186,1.535975086283738
23,0.0
173,1.3209392718649853
78,0.6491026283684022
79,0.6491026283684022
173,1.5666655591375382
51,0.7471720943315961
51,0.7471720943315961
169,1.3369098865721787
75,0.6556592205741436
169,1.341039383283517
75,0.6622820409839835
102,1.2420107539318035
129,1.5932240446327086
75,0.6689717585696803
150,1.3581730974027764
23,0.0
82,1.294328736722357
23,0.0
23,0.0
51,0.7471720943315961
23,0.0
23,0.0
23,0.0
23,0.0
23,0.0
190,1.528575064116181
23,0.0
119,1.0996754749436073
23,0.0
245,2.1798461928914423
69,0.6894490858690777
72,0.682554595010387
75,0.6622820409839835
23,0.0
101,1.121015408836156
51,0.7471720943315961
169,1.3369098865721787
23,0.0
23,0.0
171,1.3301525960815757
23,0.0
162,1.3900923589049654
23,0.0
23,0.0
194,1.8313625403665281
51,0.7471720943315961
122,1.0845492234828324
53,0.7397003733882802
23,0.0
101,1.121015408836156
51,0.7471720943315961
84,1.275968598595465
172,1.7475419148542368
55,0.7323033696543974
194,1.8313625403665281
51,0.7471720943315961
169,1.3369098865721787
123,1.0737037312480042
77,0.6556592205741436
190,1.5209578935740256
51,0.7471720943315961
53,0.7397003733882802
125,1.069656411521221
77,0.6556592205741436
324,2.5496657648360053
53,0.7397003733882802
23,0.0
54,0.7323033696543974
55,0.7323033696543974
295,2.2509767449168576
169,1.341039383283517
72,0.6757290490602831
23,0.0
102,1.2420107539318035
152,1.7296151780735889
72,0.682554595010387
71,0.682554595010387
23,0.0
23,0.0
151,1.9241438357498102
68,0.6964132180495735
53,0.7397003733882802
54,0.7323033696543974
55,0.7323033696543974
162,1.3900923589049654
149,1.3787175635286666
72,0.6689717585696803
74,0.6622820409839835
77,0.6556592205741436
196,1.8291365308176584
103,1.1232522628240942
188,1.5187746677738525
123,1.0629666939355242
51,0.7471720943315961
101,1.121015408836156
51,0.7471720943315961
183,2.070612427338602
74,0.6689717585696803
23,0.0
101,1.121015408836156
51,0.7471720943315961
102,1.234539032988487
53,0.7397003733882802
55,0.7323033696543974
23,0.0
51,0.7471720943315961
101,1.121015408836156
84,1.275968598595465
172,1.7475419148542368
176,2.1264438628785873
134,1.6347168962773573
54,0.7323033696543974
23,0.0
23,0.0
344,2.2948849334019292
98,1.1553298610388714
21,0.0
187,1.5450087523148657
23,0.0
169,1.3369098865721787
71,0.682554595010387
23,0.0
102,1.2420107539318035
23,0.0
101,1.121015408836156
188,1.5545477305630013
173,1.3103053798293922
77,0.6556592205741436
23,0.0
23,0.0
23,0.0
121,1.102398757002966
50,0.7547192872036325
72,0.6757290490602831
71,0.6757290490602831
71,0.682554595010387
23,0.0
102,1.2420107539318035
74,0.6622820409839835
194,1.8313625403665281
51,0.7471720943315961
217,1.6163864184447851
125,1.069656411521221
21,0.0
122,1.0845492234828324
71,0.682554595010387
72,0.6757290490602831
50,0.7547192872036325
74,0.6757290490602831
324,2.5496657648360053
53,0.7397003733882802
23,0.0
72,0.682554595010387
54,0.7323033696543974
194,1.8313625403665281
82,1.294328736722357
119,1.1177474402043417
73,0.6689717585696803
74,0.6689717585696803
220,1.9591368753526635
72,0.6689717585696803
52,0.7397003733882802
21,0.0
117,1.1150392092577324
295,2.2509767449168576
84,1.275968598595465
100,1.150671053287173
71,0.682554595010387
72,0.6757290490602831
194,1.8313625403665281
23,0.0
51,0.7471720943315961
21,0.0
172,1.7475419148542368
83,1.268571594861582
101,1.121015408836156
53,0.7397003733882802
151,1.4492355883567871
122,1.0845492234828324
194,1.8313625403665281
21,0.0
189,1.5144324133309421
23,0.0
51,0.7471720943315961
344,2.2948849334019292
102,1.2420107539318035
69,0.6894490858690777
72,0.6757290490602831
84,1.275968598595465
176,2.1264438628785873
102,1.234539032988487
54,0.7323033696543974
23,0.0
23,0.0
119,1.0860926385029004
122,1.0777919329922294
136,1.6440179850035228
23,0.0
75,0.6622820409839835
103,1.1120197401958531
133,1.6512291881589467
215,1.6342306211393194
75,0.6622820409839835
77,0.6556592205741436
324,2.5496657648360053
154,1.5309256203876953
54,0.7323033696543974
21,0.0
23,0.0
176,2.1264438628785873
53,0.7397003733882802
52,0.7397003733882802
54,0.7323033696543974
55,0.7323033696543974
23,0.0
51,0.7471720943315961
23,0.0
23,0.0
102,1.234539032988487
199,2.2853865720783735
100,1.1323387968041978
23,0.0
53,0.7397003733882802
23,0.0
100,1.1323387968041978
53,0.7397003733882802
21,0.0
54,0.7323033696543974
23,0.0
176,2.1284872974960503
70,0.682554595010387
53,0.7397003733882802
54,0.7323033696543974
100,1.1323387968041978
194,1.8313625403665281
51,0.7471720943315961
189,1.5144324133309421
50,0.7547192872036325
21,0.0
171,1.3301525960815757
23,0.0
77,0.6556592205741436
170,1.361479726498607
78,0.6491026283684022
194,1.8313625403665281
189,1.5144324133309421
74,0.6689717585696803
77,0.6556592205741436
78,0.6556592205741436
170,1.3452105920828497
133,1.6512291881589467
21,0.0
151,1.351281084014446
23,0.0
186,1.5341455211006476
103,1.1232522628240942
171,1.3343862799412847
75,0.6689717585696803
76,0.6689717585696803
275,2.495982165312983
53,0.7397003733882802
54,0.7323033696543974
23,0.0
55,0.7323033696543974
194,1.8313625403665281
51,0.7471720943315961
189,1.5144324133309421
23,0.0
99,1.150671053287173
194,1.8313625403665281
51,0.7471720943315961
169,1.3369098865721787
173,1.3210424171418718
77,0.6556592205741436
344,2.2948849334019292
168,1.368267914787794
100,1.150671053287173
88,1.265296860913842
23,0.0
98,1.1553298610388714
100,1.1323387968041978
53,0.7397003733882802
54,0.7323033696543974
55,0.7323033696543974
344,2.2948849334019292
100,1.259605175990702
21,0.0
72,0.6757290490602831
21,0.0
344,2.2948849334019292
49,0.7547192872036325
23,0.0
23,0.0
23,0.0
186,1.5341455211006476
23,0.0
103,1.1232522628240942
149,1.3635913120678897
75,0.6689717585696803
72,0.6689717585696803
122,1.0737037312480042
138,1.9749909201814708
53,0.7397003733882802
74,0.6689717585696803
171,1.6636739351529224
23,0.0
101,1.1277726993267583
121,1.0845492234828324
75,0.6689717585696803
344,2.2948849334019292
69,0.6894490858690777
72,0.6757290490602831
77,0.6622820409839835
23,0.0
186,1.5341455211006476
103,1.1232522628240942
171,1.3343862799412847
75,0.6689717585696803
76,0.6689717585696803
344,2.2948849334019292
69,0.6894490858690777
72,0.6757290490602831
77,0.6622820409839835
23,0.0
23,0.0
71,0.6757290490602831
169,1.3369098865721787
134,1.6476054679803418
53,0.7397003733882802
186,1.5341455211006476
23,0.0
174,1.307831992970453
77,0.6556592205741436
72,0.6757290490602831
324,2.5496657648360053
154,1.5309256203876953
54,0.7323033696543974
23,0.0
23,0.0
172,1.7650608649844153
97,1.1600357274547275
23,0.0
102,1.2420107539318035
50,0.7547192872036325
344,2.2948849334019292
131,1.485047910177086
160,1.8528106544792042
77,0.6622820409839835
53,0.6556592205741436
344,2.2948849334019292
98,1.1553298610388714
101,1.1277726993267583
23,0.0
23,0.0
172,1.7743175107645361
23,0.0
71,0.6757290490602831
102,1.2420107539318035
23,0.0
194,1.8313625403665281
73,0.6689717585696803
122,1.0845492234828324
74,0.6689717585696803
77,0.6556592205741436
295,2.2509767449168576
121,1.102398757002966
72,0.6757290490602831
100,1.1391643427543012
23,0.0
221,1.9565498684964182
122,1.0819214297035684
171,1.3343862799412847
23,0.0
75,0.6689717585696803
71,0.6757290490602831
186,1.5632157559419246
71,0.682554595010387
72,0.6757290490602831
74,0.6622820409839835
298,2.1246725875149983
23,0.0
23,0.0
23,0.0
121,1.0777919329922294
190,1.5209578935740256
153,1.5210783310616511
23,0.0
23,0.0
23,0.0
368,2.584908486213704
102,1.234539032988487
123,1.0845492234828324
21,0.0
68,0.6964132180495735
23,0.0
23,0.0
208,1.6830200381390057
72,0.6757290490602831
173,1.327799707632475
199,2.287430006695836
71,0.6757290490602831
21,0.0
23,0.0
67,0.7034476949995692
71,0.6757290490602831
189,1.5144324133309421
52,0.7471720943315961
74,0.6689717585696803
77,0.6556592205741436
194,1.8313625403665281
51,0.7471720943315961
189,1.5144324133309421
51,0.7471720943315961
71,0.6894490858690777
217,1.6514401971323116
50,0.7547192872036325
174,1.3226572320271592
77,0.6556592205741436
23,0.0
324,2.5496657648360053
98,1.2698564046274354
53,0.7397003733882802
54,0.7323033696543974
55,0.7323033696543974
152,1.453075488956195
101,1.1277726993267583
74,0.6757290490602831
75,0.6689717585696803
121,1.0777919329922294
344,2.2948849334019292
121,1.102398757002966
72,0.6757290490602831
102,1.2420107539318035
77,0.6622820409839835
344,2.2948849334019292
100,1.259605175990702
175,1.7457346069903734
23,0.0
23,0.0
23,0.0
194,1.8313625403665281
189,1.5144324133309421
125,1.069656411521221
77,0.6556592205741436
169,1.778593512273888
98,1.1553298610388714
71,0.682554595010387
102,1.2420107539318035
72,0.6757290490602831
194,1.8313625403665281
72,0.6757290490602831
23,0.0
150,1.3540436006914383
51,0.7471720943315961
190,1.5209578935740256
122,1.0777919329922294
84,1.275968598595465
73,0.682554595010387
23,0.0
151,1.9241438357498102
102,1.234539032988487
54,0.7323033696543974
55,0.7323033696543974
44,0.7249803359578534
344,2.2948849334019292
200,1.4940922103399963
23,0.0
75,0.6622820409839835
23,0.0
248,2.055654684015292
72,0.6689717585696803
23,0.0
74,0.6689717585696803
103,1.1232522628240942
154,1.7270660804666265
119,1.0996754749436073
102,1.2420107539318035
23,0.0
23,0.0
324,2.5496657648360053
100,1.1345982452768628
23,0.0
53,0.7397003733882802
54,0.7323033696543974
151,1.5474697798601076
53,0.7397003733882802
118,1.1220033414382282
54,0.7323033696543974
55,0.7323033696543974
245,2.1798461928914423
100,1.150671053287173
53,0.7397003733882802
23,0.0
23,0.0
344,2.2948849334019292
102,1.2420107539318035
168,1.368267914787794
100,1.150671053287173
53,0.7397003733882802
151,1.9241438357498102
102,1.234539032988487
148,1.4038640369786923
54,0.7323033696543974
55,0.7323033696543974
23,0.0
102,1.2420107539318035
170,1.341039383283517
75,0.6622820409839835
129,1.5932240446327086
275,2.495982165312983
53,0.7397003733882802
54,0.7323033696543974
55,0.7323033696543974
44,0.7249803359578534
194,1.8313625403665281
51,0.7471720943315961
189,1.5144324133309421
23,0.0
74,0.6689717585696803
248,2.055654684015292
122,1.0819214297035684
74,0.6622820409839835
77,0.6556592205741436
23,0.0
298,2.1246725875149983
23,0.0
121,1.0777919329922294
23,0.0
122,1.080461021738607
102,1.2420107539318035
53,0.7397003733882802
54,0.7323033696543974
117,1.1013191724489382
55,0.7323033696543974
226,2.4049659613434247
85,1.2706059163433931
147,1.4967768008244198
157,1.500028435592683
23,0.0
344,2.2948849334019292
69,0.6894490858690777
72,0.6757290490602831
77,0.6622820409839835
53,0.7397003733882802
248,2.055654684015292
103,1.1232522628240942
21,0.0
21,0.0
73,0.6757290490602831
194,1.8313625403665281
51,0.7471720943315961
191,1.5058777378529642
122,1.0777919329922294
77,0.6556592205741436
99,1.1369510164783783
150,1.3499553989472108
51,0.7471720943315961
84,1.275968598595465
23,0.0
225,2.4074261791227385
100,1.1323387968041978
21,0.0
23,0.0
21,0.0
51,0.7471720943315961
53,0.7397003733882802
21,0.0
54,0.7323033696543974
55,0.7323033696543974
186,1.535975086283738
122,1.0845492234828324
75,0.6622820409839835
124,1.080461021738607
75,0.6689717585696803
248,2.055654684015292
183,1.865505158147235
72,0.6689717585696803
23,0.0
74,0.6622820409839835
198,1.8002966152449489
122,1.0737037312480042
105,1.1008995427938946
53,0.7397003733882802
79,1.237189258441467
324,2.5496657648360053
102,1.234539032988487
52,0.7397003733882802
54,0.7323033696543974
55,0.7323033696543974
344,2.2948849334019292
120,1.1107833080238458
72,0.6757290490602831
77,0.6622820409839835
23,0.0
51,0.7471720943315961
50,0.7547192872036325
50,0.7547192872036325
98,1.150671053287173
72,0.6757290490602831
82,1.294328736722357
23,0.0
49,0.7547192872036325
23,0.0
98,1.1740343365852188
195,1.927329418104011
127,1.6093172168007157
53,0.7397003733882802
54,0.7323033696543974
21,0.0
324,2.5496657648360053
102,1.234539032988487
54,0.7323033696543974
23,0.0
23,0.0
220,1.9591368753526635
72,0.6689717585696803
23,0.0
21,0.0
23,0.0
324,2.5496657648360053
154,1.5309256203876953
54,0.7323033696543974
55,0.7323033696543974
44,0.7249803359578534
324,2.5496657648360053
53,0.7397003733882802
23,0.0
54,0.7323033696543974
55,0.7323033696543974
194,1.8313625403665281
51,0.7471720943315961
23,0.0
122,1.0845492234828324
74,0.6689717585696803
69,0.6894490858690777
23,0.0
149,1.3787175635286666
103,1.1232522628240942
75,0.6689717585696803
201,2.2853865720783735
53,0.7397003733882802
54,0.7323033696543974
212,1.7186211381827619
55,0.7323033696543974
194,1.8313625403665281
189,1.5144324133309421
51,0.7471720943315961
53,0.7397003733882802
74,0.6689717585696803
100,1.1255815063135945
51,0.7471720943315961
149,1.5430835036231376
54,0.7323033696543974
55,0.7323033696543974
295,2.2509767449168576
69,0.6894490858690777
72,0.682554595010387
71,0.682554595010387
72,0.6757290490602831
149,1.5505552245664542
69,0.6894490858690777
71,0.682554595010387
50,0.7547192872036325
74,0.6622820409839835
248,2.055654684015292
122,1.0819214297035684
23,0.0
23,0.0
74,0.6622820409839835
295,2.2509767449168576
122,1.0886787201941712
72,0.6757290490602831
123,1.0913747694329363
23,0.0
122,1.0845492234828324
120,1.0955042661442753
72,0.6757290490602831
23,0.0
23,0.0
194,1.8313625403665281
51,0.7471720943315961
103,1.2295906463924855
123,1.0845492234828324
121,1.1065699658022983
170,1.6603699348191103
84,1.275968598595465
171,1.3251306188860983
21,0.0
53,0.7397003733882802
100,1.1255815063135945
134,1.6530770344042491
49,0.7547192872036325
23,0.0
98,1.1740343365852188
23,0.0
196,1.8291365308176584
103,1.1232522628240942
171,1.3343862799412847
124,1.0777919329922294
23,0.0
190,1.537227027989783
151,1.4301771349957797
75,0.6689717585696803
23,0.0
100,1.1255815063135945
131,1.6640583743720843
23,0.0
23,0.0
23,0.0
23,0.0
102,1.2420107539318035
52,0.7397003733882802
23,0.0
23,0.0
98,1.1553298610388714
51,0.7471720943315961
53,0.7397003733882802
54,0.7323033696543974
23,0.0
71,0.6757290490602831
189,1.5144324133309421
125,1.069656411521221
51,0.7471720943315961
53,0.7397003733882802
344,2.2948849334019292
102,1.2420107539318035
69,0.6894490858690777
72,0.6757290490602831
23,0.0
194,1.8313625403665281
189,1.5144324133309421
139,1.9681295826826406
53,0.7397003733882802
55,0.7323033696543974
275,2.495982165312983
149,1.5430835036231376
54,0.7323033696543974
23,0.0
23,0.0
324,2.5496657648360053
23,0.0
53,0.7397003733882802
54,0.7323033696543974
55,0.7323033696543974
170,1.361479726498607
23,0.0
23,0.0
23,0.0
23,0.0
194,1.8313625403665281
169,1.341039383283517
137,1.6404663768564722
23,0.0
23,0.0
344,2.2948849334019292
120,1.1107833080238458
84,1.275968598595465
23,0.0
75,0.6622820409839835
23,0.0
194,1.8313625403665281
173,1.5665308362398092
74,0.6689717585696803
77,0.6556592205741436
194,1.8313625403665281
189,1.5144324133309421
74,0.6689717585696803
73,0.682554595010387
78,0.6556592205741436
324,2.5496657648360053
53,0.7397003733882802
23,0.0
54,0.7323033696543974
55,0.7323033696543974
170,1.361479726498607
171,1.3301525960815757
123,1.080461021738607
77,0.6556592205741436
75,0.6689717585696803
344,2.2948849334019292
84,1.275968598595465
23,0.0
119,1.1107833080238458
23,0.0
324,2.5496657648360053
102,1.234539032988487
54,0.7323033696543974
68,0.6964132180495735
55,0.7323033696543974
195,1.9305234606491508
102,1.2420107539318035
23,0.0
23,0.0
71,0.6757290490602831
344,2.2948849334019292
150,1.3786504247021742
72,0.6757290490602831
55,0.6491026283684022
55,0.6426116020847181
150,1.3581730974027764
50,0.7547192872036325
139,1.9749909201814708
169,1.3369098865721787
74,0.6689717585696803
191,1.5082719212691786
166,1.389014818823695
21,0.0
23,0.0
72,0.682554595010387
324,2.5496657648360053
72,0.682554595010387
23,0.0
23,0.0
23,0.0
23,0.0
23,0.0
23,0.0
23,0.0
23,0.0
82,1.294328736722357
102,1.234539032988487
23,0.0
69,0.6894490858690777
54,0.7323033696543974
23,0.0
194,1.8313625403665281
190,1.510899715048443
74,0.6689717585696803
77,0.6556592205741436
194,1.8313625403665281
189,1.5144324133309421
125,1.069656411521221
23,0.0
77,0.6556592205741436
176,2.1264438628785873
53,0.7397003733882802
23,0.0
54,0.7323033696543974
21,0.0
190,1.537227027989783
102,1.1164949723334907
75,0.6689717585696803
72,0.6689717585696803
74,0.6622820409839835
172,1.6582211903420485
171,1.3251306188860983
82,1.294328736722357
75,0.6622820409839835
53,0.7397003733882802
213,1.6810526681002353
74,0.6757290490602831
123,1.0777919329922294
77,0.6556592205741436
49,0.7547192872036325
221,2.077416013389585
120,1.1107833080238458
72,0.6757290490602831
102,1.2420107539318035
23,0.0
344,2.2948849334019292
102,1.2420107539318035
84,1.275968598595465
69,0.6894490858690777
74,0.6622820409839835
119,1.1065699658022983
170,1.341039383283517
74,0.6757290490602831
75,0.6689717585696803
75,0.6622820409839835
102,1.2420107539318035
52,0.7397003733882802
23,0.0
23,0.0
23,0.0
169,1.6625403837858364
189,1.5144324133309421
125,1.069656411521221
77,0.6556592205741436
23,0.0
169,1.778593512273888
149,1.5505552245664542
71,0.6757290490602831
50,0.7547192872036325
74,0.6622820409839835
51,0.7471720943315961
119,1.1107833080238458
21,0.0
51,0.7471720943315961
21,0.0
322,2.548618596325049
23,0.0
169,1.804890365119386
53,0.7397003733882802
54,0.7323033696543974
344,2.2948849334019292
102,1.2420107539318035
120,1.1107833080238458
52,0.7397003733882802
75,0.6622820409839835
186,1.535975086283738
173,1.3318879093767009
75,0.6622820409839835
78,0.6491026283684022
80,0.6426116020847181
324,2.5496657648360053
223,2.1024128627897323
21,0.0
23,0.0
53,0.7397003733882802
173,1.6615679506909553
101,1.1277726993267583
101,1.1277726993267583
76,0.6622820409839835
21,0.0
196,1.8291365308176584
23,0.0
103,1.1232522628240942
101,1.1277726993267583
123,1.0777919329922294
194,1.8313625403665281
189,1.5144324133309421
21,0.0
68,0.6964132180495735
23,0.0
194,1.8313625403665281
190,1.510899715048443
84,1.275968598595465
129,1.5847635251296974
108,1.2150404153939873
170,1.6603699348191103
23,0.0
186,1.5719713371327557
72,0.682554595010387
77,0.6556592205741436
170,1.3426666438137953
77,0.6556592205741436
78,0.6491026283684022
98,1.1553298610388714
122,1.0845492234828324
23,0.0
194,1.8313625403665281
212,1.653907982106167
125,1.069656411521221
77,0.6556592205741436
324,2.5496657648360053
53,0.7397003733882802
54,0.7323033696543974
55,0.7323033696543974
167,1.3794879482021776
196,1.8291365308176584
103,1.1232522628240942
122,1.0819214297035684
75,0.6689717585696803
74,0.6622820409839835
194,1.8313625403665281
215,1.6425777428095638
122,1.0777919329922294
77,0.6556592205741436
78,0.6556592205741436
194,1.8313625403665281
189,1.5144324133309421
51,0.7471720943315961
125,1.069656411521221
77,0.6556592205741436
194,1.8313625403665281
122,1.0845492234828324
193,1.4998789196421838
23,0.0
23,0.0
149,1.44549548711303
191,1.4975306161827207
101,1.1323387968041978
23,0.0
77,0.6556592205741436
162,1.3900923589049654
149,1.3787175635286666
72,0.6757290490602831
124,1.0777919329922294
74,0.6622820409839835
194,1.8313625403665281
191,1.510899715048443
23,0.0
72,0.6757290490602831
74,0.6689717585696803
173,1.3292601155974366
73,0.6689717585696803
172,1.3251306188860983
21,0.0
52,0.7471720943315961
151,1.9241438357498102
97,1.1669998596352236
102,1.234539032988487
54,0.7323033696543974
55,0.7323033696543974
275,2.495982165312983
53,0.7397003733882802
185,1.5763136504006745
54,0.7323033696543974
55,0.7323033696543974
220,2.078729148182866
120,1.1107833080238458
84,1.275968598595465
72,0.6757290490602831
23,0.0
196,1.7304735288456257
157,1.8828830229010525
73,0.6689717585696803
23,0.0
74,0.6689717585696803
324,2.5496657648360053
70,0.6894490858690777
53,0.7397003733882802
23,0.0
21,0.0
171,1.6636739351529224
72,0.6757290490602831
173,1.5652051511725764
68,0.6964132180495735
52,0.7471720943315961
194,1.8313625403665281
72,0.6757290490602831
171,1.3276289894506819
75,0.6622820409839835
77,0.6556592205741436
173,1.6615679506909553
101,1.1277726993267583
49,0.7547192872036325
101,1.1277726993267583
75,0.6689717585696803
173,1.6615679506909553
72,0.6757290490602831
173,1.5652051511725764
72,0.6689717585696803
75,0.6689717585696803
324,2.5496657648360053
53,0.7397003733882802
54,0.7323033696543974
55,0.7323033696543974
115,1.130644544841385
248,2.055654684015292
72,0.6757290490602831
102,1.1232522628240942
124,1.0777919329922294
75,0.6689717585696803
173,1.6615679506909553
196,1.8062381768572426
121,1.0845492234828324
23,0.0
74,0.6689717585696803
220,2.078729148182866
102,1.2420107539318035
23,0.0
23,0.0
52,0.7397003733882802
98,1.1553298610388714
197,1.7419714406689843
158,1.4108358721909577
123,1.0777919329922294
54,0.7323033696543974
344,2.2948849334019292
147,1.4701390342198237
72,0.6757290490602831
84,1.2888571702984495
50,0.7547192872036325
173,1.5666655591375382
21,0.0
21,0.0
98,1.1622939932193666
23,0.0
185,1.5378231319232225
21,0.0
73,0.6757290490602831
74,0.6757290490602831
72,0.6757290490602831
84,1.2888571702984495
135,1.6407856448638187
23,0.0
21,0.0
73,0.682554595010387
51,0.7471720943315961
21,0.0
153,1.737408573266432
72,0.682554595010387
49,0.7547192872036325
23,0.0
150,1.4492355883567871
51,0.7471720943315961
84,1.2888571702984495
23,0.0
245,2.1798461928914423
68,0.6964132180495735
49,0.7547192872036325
69,0.6894490858690777
21,0.0
149,1.459215523921824
169,1.3520361380329542
21,0.0
23,0.0
21,0.0
51,0.7471720943315961
50,0.7547192872036325
68,0.6964132180495735
21,0.0
21,0.0
176,2.1284872974960503
50,0.7547192872036325
49,0.7547192872036325
23,0.0
98,1.1740343365852188
153,1.9061389488552563
145,1.4929543346200709
23,0.0
72,0.6757290490602831
21,0.0
131,1.493084261937773
71,0.6757290490602831
21,0.0
171,1.3369098865721787
75,0.6689717585696803
131,1.485047910177086
23,0.0
195,1.758577201772569
21,0.0
50,0.7547192872036325
84,1.2888571702984495
53,0.7397003733882802
21,0.0
54,0.7323033696543974
115,1.130644544841385
324,2.5496657648360053
53,0.7397003733882802
54,0.7323033696543974
55,0.7323033696543974
115,1.130644544841385
151,1.9241438357498102
53,0.7397003733882802
54,0.7323033696543974
209,1.7200585875543002
55,0.7323033696543974
344,2.2948849334019292
120,1.1107833080238458
49,0.7547192872036325
23,0.0
23,0.0
194,1.8313625403665281
189,1.5144324133309421
51,0.7471720943315961
53,0.7397003733882802
87,1.278077637286709
194,1.8313625403665281
189,1.5144324133309421
23,0.0
125,1.069656411521221
77,0.6556592205741436
194,1.8313625403665281
189,1.5144324133309421
157,1.8888832840384515
21,0.0
74,0.6689717585696803
194,1.8313625403665281
189,1.5144324133309421
156,1.891356670897392
74,0.6689717585696803
23,0.0
190,1.537227027989783
170,1.331758486162021
75,0.6689717585696803
21,0.0
74,0.6622820409839835
275,2.495982165312983
53,0.7397003733882802
54,0.7323033696543974
55,0.7323033696543974
58,1.3422704769001415
152,1.453075488956195
216,1.6444928216707113
75,0.6689717585696803
74,0.6622820409839835
23,0.0
166,1.6915908214586846
215,1.6577886290505022
123,1.0777919329922294
72,0.6757290490602831
23,0.0
149,1.44549548711303
190,1.4991204473623618
122,1.0670140136623072
77,0.6556592205741436
78,0.6556592205741436
132,1.5763876108217165
53,0.7397003733882802
54,0.7323033696543974
55,0.7323033696543974
44,0.7249803359578534
196,1.8291365308176584
103,1.1232522628240942
171,1.3343862799412847
75,0.6689717585696803
81,1.3074027643660173
51,0.7471720943315961
72,0.6689717585696803
23,0.0
23,0.0
23,0.0
199,2.2853865720783735
23,0.0
53,0.7397003733882802
70,0.682554595010387
21,0.0
176,2.1264438628785873
53,0.7397003733882802
54,0.7323033696543974
21,0.0
23,0.0
221,2.077416013389585
122,1.0886787201941712
23,0.0
75,0.6622820409839835
23,0.0
344,2.2948849334019292
49,0.7547192872036325
23,0.0
23,0.0
23,0.0
151,1.9241438357498102
53,0.7397003733882802
54,0.7323033696543974
167,1.3794879482021776
55,0.7323033696543974
324,2.5496657648360053
53,0.7397003733882802
71,0.6757290490602831
124,1.0670140136623072
54,0.7323033696543974
151,1.9241438357498102
53,0.7397003733882802
54,0.7323033696543974
115,1.130644544841385
55,0.7323033696543974
324,2.5496657648360053
53,0.7397003733882802
102,1.2420107539318035
21,0.0
54,0.7323033696543974
134,1.6476054679803418
197,1.8116558835902494
124,1.0777919329922294
77,0.6556592205741436
78,0.6556592205741436
194,1.8313625403665281
189,1.5144324133309421
74,0.6689717585696803
77,0.6556592205741436
78,0.6556592205741436
295,2.2509767449168576
102,1.2420107539318035
23,0.0
84,1.275968598595465
167,1.7407492157874762
170,1.6603699348191103
51,0.7471720943315961
53,0.7397003733882802
71,0.6894490858690777
53,0.7397003733882802
344,2.2948849334019292
121,1.102398757002966
75,0.6622820409839835
102,1.2420107539318035
168,1.368267914787794
248,2.055654684015292
72,0.6689717585696803
103,1.1232522628240942
74,0.6622820409839835
77,0.6556592205741436
193,1.9491209431634744
23,0.0
23,0.0
49,0.7547192872036325
131,1.485047910177086
324,2.5496657648360053
53,0.7397003733882802
54,0.7323033696543974
55,0.7323033696543974
23,0.0
196,1.8291365308176584
103,1.1232522628240942
172,1.5741897582646203
23,0.0
72,0.6689717585696803
324,2.5496657648360053
53,0.7397003733882802
54,0.7323033696543974
21,0.0
108,1.2028900112400474
151,1.9241438357498102
53,0.7397003733882802
54,0.7323033696543974
185,1.5763136504006745
55,0.7323033696543974
170,1.6603699348191103
53,0.7397003733882802
196,1.910183380955261
23,0.0
72,0.682554595010387
190,1.5209578935740256
53,0.7397003733882802
50,0.7547192872036325
172,1.3251306188860983
53,0.7397003733882802
245,2.1798461928914423
102,1.2420107539318035
69,0.6894490858690777
23,0.0
23,0.0
151,1.9241438357498102
53,0.7397003733882802
54,0.7323033696543974
55,0.7323033696543974
44,0.7249803359578534
225,2.4077793158733725
53,0.7397003733882802
209,1.7200585875543002
54,0.7323033696543974
21,0.0
193,1.9491209431634744
120,1.1107833080238458
72,0.6757290490602831
50,0.7547192872036325
71,0.682554595010387
344,2.2948849334019292
100,1.150671053287173
21,0.0
21,0.0
21,0.0
23,0.0
96,1.1787877370052764
21,0.0
21,0.0
23,0.0
171,1.6582211903420485
49,0.7547192872036325
23,0.0
21,0.0
21,0.0
51,0.7471720943315961
23,0.0
21,0.0
21,0.0
87,1.265296860913842
100,1.1323387968041978
21,0.0
119,1.1220033414382282
21,0.0
21,0.0
183,1.56018224486245
51,0.7471720943315961
53,0.7397003733882802
53,0.7397003733882802
55,0.7323033696543974
151,1.9241438357498102
133,1.6512291881589467
53,0.7397003733882802
51,0.7471720943315961
54,0.7323033696543974
194,1.8313625403665281
68,0.6964132180495735
214,1.6372012604498338
51,0.7471720943315961
75,0.6622820409839835
225,2.4077793158733725
53,0.7397003733882802
54,0.7323033696543974
55,0.7323033696543974
44,0.7249803359578534
171,1.6636739351529224
120,1.0886787201941712
173,1.5517581430962777
21,0.0
123,1.080461021738607
171,1.6636739351529224
155,1.4166749843493103
23,0.0
23,0.0
171,1.3343862799412847
51,0.7471720943315961
21,0.0
69,0.6894490858690777
50,0.7547192872036325
120,1.0996754749436073
437,2.340053662723324
71,0.682554595010387
72,0.6757290490602831
50,0.7547192872036325
74,0.6622820409839835
151,1.9241438357498102
53,0.7397003733882802
54,0.7323033696543974
55,0.7323033696543974
44,0.7249803359578534
225,2.4077793158733725
53,0.7397003733882802
68,0.6964132180495735
21,0.0
102,1.1277726993267583
225,2.4077793158733725
53,0.7397003733882802
21,0.0
23,0.0
145,1.4999888115700681
344,2.2948849334019292
100,1.259605175990702
21,0.0
72,0.6757290490602831
102,1.2420107539318035
169,1.778593512273888
51,0.7471720943315961
84,1.275968598595465
50,0.7547192872036325
81,1.3074027643660173
131,1.4667156536941102
51,0.7471720943315961
50,0.7547192872036325
23,0.0
21,0.0
98,1.1553298610388714
21,0.0
21,0.0
21,0.0
124,1.087286567688711
51,0.7471720943315961
100,1.150671053287173
71,0.682554595010387
72,0.6757290490602831
74,0.6757290490602831
51,0.7471720943315961
100,1.150671053287173
21,0.0
21,0.0
71,0.682554595010387
86,1.278077637286709
51,0.7471720943315961
53,0.7397003733882802
53,0.7397003733882802
55,0.7323033696543974
23,0.0
171,1.6636739351529224
150,1.4332317252550628
74,0.6757290490602831
75,0.6689717585696803
345,2.2948849334019292
50,0.7547192872036325
169,1.3656930687201558
69,0.6894490858690777
102,1.2420107539318035
194,1.8313625403665281
212,1.653907982106167
125,1.069656411521221
77,0.6556592205741436
78,0.6556592205741436
186,1.5341455211006476
103,1.1232522628240942
172,1.5741897582646203
75,0.6689717585696803
75,0.6622820409839835
344,2.2948849334019292
121,1.0928499289935034
72,0.6757290490602831
77,0.6622820409839835
23,0.0
196,1.8291365308176584
103,1.1232522628240942
122,1.0819214297035684
75,0.6689717585696803
74,0.6622820409839835
194,1.8313625403665281
212,1.653907982106167
125,1.069656411521221
77,0.6556592205741436
78,0.6556592205741436
219,1.9588173491622816
150,1.5301507695907481
74,0.6689717585696803
74,0.6622820409839835
23,0.0
215,1.6576578985306225
192,1.495658049775683
106,1.2198418299597018
55,0.7323033696543974
44,0.7249803359578534
295,2.2509767449168576
169,1.341039383283517
72,0.6757290490602831
102,1.2420107539318035
155,1.5259772337916935
69,0.6894490858690777
119,1.0860926385029004
101,1.1277726993267583
133,1.4554954567645617
75,0.6689717585696803
185,1.5378231319232225
101,1.1277726993267583
172,1.6407755811925089
72,0.6757290490602831
75,0.6689717585696803
194,1.8313625403665281
212,1.653907982106167
23,0.0
125,1.069656411521221
77,0.6556592205741436
344,2.2948849334019292
102,1.2420107539318035
122,1.0886787201941712
84,1.275968598595465
50,0.7547192872036325
186,1.5341455211006476
103,1.1232522628240942
196,1.7396523539293551
124,1.0656495649917055
177,1.2925856241300815
194,1.8313625403665281
122,1.0845492234828324
172,1.5625360624261988
77,0.6556592205741436
78,0.6556592205741436
194,1.8313625403665281
23,0.0
170,1.3168510701207599
51,0.7471720943315961
53,0.7397003733882802
171,1.6636739351529224
103,1.1232522628240942
171,1.3343862799412847
75,0.6689717585696803
123,1.0777919329922294
99,1.1369510164783783
152,1.541391145244135
53,0.7397003733882802
190,1.4991204473623618
125,1.058959847406009
194,1.8313625403665281
212,1.653907982106167
125,1.069656411521221
77,0.6556592205741436
23,0.0
344,2.2948849334019292
102,1.2420107539318035
69,0.6894490858690777
84,1.275968598595465
50,0.7547192872036325
194,1.8313625403665281
189,1.5144324133309421
52,0.7471720943315961
74,0.6689717585696803
77,0.6556592205741436
196,1.8291365308176584
103,1.1232522628240942
122,1.0819214297035684
74,0.6622820409839835
75,0.6689717585696803
194,1.8313625403665281
212,1.653907982106167
125,1.069656411521221
77,0.6556592205741436
23,0.0
152,1.7296151780735889
72,0.682554595010387
49,0.7547192872036325
75,0.6622820409839835
106,1.2198418299597018
51,0.7471720943315961
187,1.5407203174213742
53,0.7397003733882802
54,0.7323033696543974
55,0.7323033696543974
344,2.2948849334019292
122,1.0886787201941712
72,0.6757290490602831
77,0.6622820409839835
21,0.0
190,1.537227027989783
171,1.3343862799412847
75,0.6689717585696803
52,0.7471720943315961
123,1.0777919329922294
23,0.0
23,0.0
69,0.6894490858690777
146,1.582694097272341
123,1.0913747694329363
149,1.44549548711303
51,0.7471720943315961
103,1.2295906463924855
203,1.8603665264023677
73,0.6757290490602831
324,2.5496657648360053
53,0.7397003733882802
54,0.7323033696543974
108,1.2028900112400474
44,0.7249803359578534
23,0.0
200,2.2853865720783735
83,1.2813854493551335
68,0.6964132180495735
53,0.7397003733882802
51,0.7471720943315961
165,1.3933571320916134
53,0.7397003733882802
54,0.7323033696543974
100,1.1391643427543012
190,1.5142006030834227
192,1.495658049775683
103,1.2370623673358012
125,1.058959847406009
105,1.2246917436624432
295,2.2509767449168576
172,1.5871428864369357
75,0.6622820409839835
55,0.6491026283684022
23,0.0
196,1.8291365308176584
103,1.1232522628240942
173,1.5666655591375382
74,0.6622820409839835
77,0.6556592205741436
248,2.055654684015292
170,1.331758486162021
81,1.3074027643660173
21,0.0
21,0.0
324,2.5496657648360053
53,0.7397003733882802
211,1.7186211381827619
54,0.7323033696543974
55,0.7323033696543974
226,2.4049659613434247
53,0.7397003733882802
54,0.7323033696543974
21,0.0
23,0.0
344,2.2948849334019292
121,1.102398757002966
50,0.7547192872036325
23,0.0
75,0.6622820409839835
23,0.0
194,1.8313625403665281
198,1.7303388059478977
51,0.7471720943315961
23,0.0
169,1.6625403837858364
84,1.275968598595465
53,0.7397003733882802
55,0.7323033696543974
44,0.7249803359578534
169,1.778593512273888
102,1.2420107539318035
52,0.7397003733882802
84,1.275968598595465
23,0.0
295,2.2509767449168576
51,0.7471720943315961
23,0.0
52,0.7397003733882802
132,1.552414501100247
118,1.0903059807244488
74,0.6622820409839835
147,1.4701390342198237
101,1.1277726993267583
171,1.3343862799412847
344,2.2948849334019292
102,1.2420107539318035
120,1.1107833080238458
84,1.275968598595465
75,0.6622820409839835
324,2.5496657648360053
70,0.6894490858690777
23,0.0
23,0.0
53,0.7397003733882802
248,2.055654684015292
21,0.0
103,1.1232522628240942
122,1.0819214297035684
49,0.7547192872036325
194,1.8313625403665281
191,1.5058777378529642
82,1.294328736722357
21,0.0
151,1.351281084014446
324,2.5496657648360053
53,0.7397003733882802
54,0.7323033696543974
55,0.7323033696543974
44,0.7249803359578534
194,1.8313625403665281
23,0.0
171,1.3318879093767009
157,1.8828830229010525
74,0.6689717585696803
344,2.2948849334019292
23,0.0
130,1.5763876108217165
121,1.102398757002966
52,0.7397003733882802
344,2.2948849334019292
120,1.1107833080238458
72,0.6757290490602831
77,0.6556592205741436
77,0.6622820409839835
122,1.0845492234828324
71,0.682554595010387
72,0.6757290490602831
74,0.6757290490602831
23,0.0
344,2.2948849334019292
84,1.275968598595465
23,0.0
23,0.0
23,0.0
324,2.5496657648360053
49,0.7547192872036325
23,0.0
149,1.5430835036231376
23,0.0
148,1.3815361704840712
102,1.2420107539318035
104,1.2246917436624432
174,1.3226572320271592
75,0.6622820409839835
194,1.8313625403665281
212,1.653907982106167
51,0.7471720943315961
23,0.0
23,0.0
130,1.5847635251296974
23,0.0
21,0.0
53,0.7397003733882802
54,0.7323033696543974
324,2.5496657648360053
53,0.7397003733882802
54,0.7323033696543974
164,1.3986912617582592
55,0.7323033696543974
246,2.056655742757906
122,1.0819214297035684
121,1.0711022154065328
23,0.0
77,0.6556592205741436
120,1.0928499289935034
74,0.6689717585696803
134,1.6476054679803418
190,1.495121978242829
53,0.7397003733882802
198,1.8237378407019618
23,0.0
53,0.7397003733882802
101,1.1277726993267583
171,1.3343862799412847
173,1.6615679506909553
101,1.1277726993267583
170,1.331758486162021
52,0.7397003733882802
74,0.6622820409839835
248,2.055654684015292
103,1.1232522628240942
122,1.0819214297035684
23,0.0
74,0.6622820409839835
71,0.6757290490602831
23,0.0
122,1.0845492234828324
134,1.6476054679803418
121,1.0777919329922294
248,2.055654684015292
103,1.1232522628240942
122,1.0819214297035684
75,0.6689717585696803
74,0.6622820409839835
190,1.537227027989783
73,0.6757290490602831
75,0.6689717585696803
121,1.0777919329922294
75,0.6622820409839835
116,1.1193380993929711
149,1.3787175635286666
103,1.1232522628240942
75,0.6689717585696803
72,0.6689717585696803
324,2.5496657648360053
53,0.7397003733882802
54,0.7323033696543974
55,0.7323033696543974
23,0.0
121,1.102398757002966
72,0.6757290490602831
71,0.682554595010387
75,0.6689717585696803
77,0.6556592205741436
324,2.5496657648360053
52,0.7397003733882802
53,0.7397003733882802
54,0.7323033696543974
21,0.0
373,2.582472737984702
21,0.0
53,0.7397003733882802
54,0.7323033696543974
23,0.0
194,1.8313625403665281
212,1.653907982106167
74,0.6689717585696803
77,0.6556592205741436
78,0.6556592205741436
194,1.8313625403665281
212,1.653907982106167
125,1.069656411521221
77,0.6556592205741436
23,0.0
344,2.2948849334019292
121,1.102398757002966
72,0.6757290490602831
77,0.6622820409839835
23,0.0
275,2.495982165312983
53,0.7397003733882802
54,0.7323033696543974
55,0.7323033696543974
44,0.7249803359578534
295,2.2509767449168576
51,0.7471720943315961
84,1.275968598595465
23,0.0
52,0.7397003733882802
344,2.2948849334019292
102,1.2420107539318035
84,1.275968598595465
53,0.7397003733882802
100,1.150671053287173
344,2.2948849334019292
121,1.102398757002966
72,0.6757290490602831
50,0.7547192872036325
23,0.0
344,2.2948849334019292
102,1.2420107539318035
23,0.0
49,0.7547192872036325
23,0.0
72,0.6689717585696803
98,1.1553298610388714
171,1.3520361380329542
75,0.6689717585696803
23,0.0
169,1.778593512273888
122,1.0886787201941712
49,0.7547192872036325
23,0.0
75,0.6622820409839835
246,2.056655742757906
72,0.6757290490602831
122,1.080461021738607
75,0.6689717585696803
76,0.6622820409839835
194,1.8313625403665281
212,1.653907982106167
125,1.069656411521221
77,0.6556592205741436
23,0.0
71,0.6757290490602831
102,1.2420107539318035
74,0.6622820409839835
23,0.0
52,0.7397003733882802
194,1.8313625403665281
212,1.653907982106167
125,1.069656411521221
77,0.6556592205741436
23,0.0
344,2.2948849334019292
121,1.102398757002966
72,0.6757290490602831
77,0.6622820409839835
53,0.6556592205741436
194,1.8313625403665281
212,1.653907982106167
125,1.069656411521221
77,0.6556592205741436
23,0.0
194,1.8313625403665281
212,1.653907982106167
125,1.069656411521221
77,0.6556592205741436
23,0.0
99,1.1369510164783783
51,0.7471720943315961
168,1.7601284002959448
53,0.7397003733882802
55,0.7323033696543974
23,0.0
23,0.0
51,0.7471720943315961
53,0.7397003733882802
54,0.7323033696543974
190,1.537227027989783
73,0.6757290490602831
124,1.0777919329922294
74,0.6622820409839835
75,0.6689717585696803
148,1.3884306613427615
53,0.7397003733882802
54,0.7323033696543974
55,0.7323033696543974
187,1.5744840852175832
221,1.9565498684964182
173,1.5666655591375382
23,0.0
21,0.0
21,0.0
23,0.0
200,2.2853865720783735
53,0.7397003733882802
54,0.7323033696543974
23,0.0
344,2.2948849334019292
102,1.2420107539318035
84,1.275968598595465
167,1.7407492157874762
23,0.0
197,1.7628370772475763
53,0.7397003733882802
54,0.7323033696543974
21,0.0
55,0.7323033696543974
184,1.567076735721141
102,1.2420107539318035
53,0.7397003733882802
54,0.7323033696543974
55,0.7323033696543974
23,0.0
176,2.1264438628785873
23,0.0
53,0.7397003733882802
23,0.0
295,2.2509767449168576
51,0.7471720943315961
84,1.275968598595465
71,0.6757290490602831
74,0.6622820409839835
248,2.055654684015292
122,1.0819214297035684
121,1.0845492234828324
75,0.6622820409839835
77,0.6556592205741436
324,2.5496657648360053
102,1.234539032988487
54,0.7323033696543974
55,0.7323033696543974
44,0.7249803359578534
295,2.2509767449168576
69,0.6894490858690777
72,0.682554595010387
123,1.0913747694329363
23,0.0
201,2.2853865720783735
154,1.5309256203876953
54,0.7323033696543974
55,0.7323033696543974
44,0.7249803359578534
295,2.2509767449168576
102,1.2420107539318035
23,0.0
69,0.6894490858690777
71,0.682554595010387
344,2.2948849334019292
120,1.1107833080238458
72,0.6757290490602831
102,1.2420107539318035
168,1.368267914787794
151,1.9241438357498102
53,0.7397003733882802
54,0.7323033696543974
55,0.7323033696543974
44,0.7249803359578534
151,1.9241438357498102
102,1.234539032988487
54,0.7323033696543974
55,0.7323033696543974
44,0.7249803359578534
248,2.055654684015292
170,1.331758486162021
74,0.6622820409839835
77,0.6556592205741436
78,0.6491026283684022
196,1.8291365308176584
68,0.6964132180495735
103,1.1232522628240942
171,1.3343862799412847
124,1.0777919329922294
194,1.8313625403665281
152,1.5444151896008245
23,0.0
103,1.2295906463924855
55,0.7323033696543974
194,1.8313625403665281
23,0.0
102,1.2420107539318035
131,1.5689158898784004
21,0.0
152,1.453075488956195
217,1.6431394916216426
75,0.6689717585696803
23,0.0
74,0.6622820409839835
245,2.1798461928914423
71,0.6757290490602831
102,1.2420107539318035
23,0.0
52,0.7397003733882802
170,1.3426666438137953
148,1.4669909424880136
192,1.502415340266287
74,0.6689717585696803
78,0.6491026283684022
389,2.322982865168559
122,1.0886787201941712
52,0.7397003733882802
120,1.0928499289935034
77,0.6622820409839835
196,1.8291365308176584
72,0.6757290490602831
173,1.5652051511725764
72,0.6689717585696803
75,0.6622820409839835
344,2.2948849334019292
149,1.5505552245664542
104,1.234539032988487
23,0.0
23,0.0
170,1.776444767796828
23,0.0
23,0.0
23,0.0
102,1.2420107539318035
194,1.8313625403665281
212,1.653907982106167
125,1.069656411521221
77,0.6556592205741436
78,0.6556592205741436
101,1.121015408836156
51,0.7471720943315961
192,1.510899715048443
23,0.0
23,0.0
100,1.1255815063135945
23,0.0
68,0.6964132180495735
23,0.0
226,2.4110590408321984
324,2.5496657648360053
53,0.7397003733882802
54,0.7323033696543974
55,0.7323033696543974
44,0.7249803359578534
173,1.6615679506909553
121,1.0845492234828324
171,1.3342820927929144
75,0.6689717585696803
23,0.0
120,1.0928499289935034
121,1.0777919329922294
173,1.548995626419285
77,0.6556592205741436
78,0.6556592205741436
295,2.2509767449168576
102,1.2420107539318035
135,1.6347168962773573
70,0.6894490858690777
23,0.0
185,1.5378231319232225
101,1.1277726993267583
171,1.3343862799412847
75,0.6689717585696803
76,0.6689717585696803
171,1.3301525960815757
190,1.537227027989783
77,0.6556592205741436
52,0.7471720943315961
78,0.6491026283684022
23,0.0
200,2.2853865720783735
102,1.234539032988487
54,0.7323033696543974
23,0.0
324,2.5496657648360053
145,1.5859061080179895
53,0.7397003733882802
54,0.7323033696543974
55,0.7323033696543974
344,2.2948849334019292
122,1.0886787201941712
102,1.2420107539318035
84,1.275968598595465
75,0.6622820409839835
295,2.2509767449168576
102,1.2420107539318035
84,1.275968598595465
122,1.0886787201941712
132,1.552414501100247
225,2.4077793158733725
53,0.7397003733882802
54,0.7323033696543974
23,0.0
23,0.0
23,0.0
170,1.3426666438137953
153,1.7479940226340824
103,1.1232522628240942
73,0.6757290490602831
99,1.1369510164783783
190,1.4991204473623618
104,1.1008995427938946
77,0.6556592205741436
78,0.6556592205741436
324,2.5496657648360053
165,1.811854263551976
53,0.7397003733882802
54,0.7323033696543974
21,0.0
344,2.2948849334019292
122,1.0886787201941712
75,0.6622820409839835
23,0.0
77,0.6556592205741436
99,1.150671053287173
171,1.591443266757685
23,0.0
49,0.7547192872036325
123,1.0777919329922294
169,1.778593512273888
102,1.2420107539318035
120,1.1107833080238458
71,0.682554595010387
75,0.6622820409839835
324,2.5496657648360053
102,1.234539032988487
54,0.7323033696543974
21,0.0
55,0.7323033696543974
193,1.9474156688545785
71,0.6757290490602831
121,1.0913747694329363
154,1.5210783310616511
23,0.0
324,2.5496657648360053
102,1.234539032988487
54,0.7323033696543974
55,0.7323033696543974
44,0.7249803359578534
149,1.44549548711303
137,1.6404663768564722
176,1.6202188253920602
173,1.3210424171418718
53,0.7397003733882802
344,2.2948849334019292
102,1.2420107539318035
84,1.275968598595465
50,0.7547192872036325
168,1.7355886410662258
248,2.055654684015292
23,0.0
72,0.6757290490602831
102,1.1232522628240942
124,1.0777919329922294
344,2.2948849334019292
120,1.1107833080238458
102,1.2420107539318035
84,1.275968598595465
75,0.6622820409839835
324,2.5496657648360053
53,0.7397003733882802
54,0.7323033696543974
55,0.7323033696543974
44,0.7249803359578534
173,1.638126725233943
51,0.7471720943315961
172,1.3226572320271592
77,0.6556592205741436
78,0.6556592205741436
246,2.056655742757906
173,1.5666655591375382
21,0.0
50,0.7547192872036325
21,0.0
99,1.1369510164783783
152,1.541391145244135
53,0.7397003733882802
53,0.7397003733882802
55,0.7323033696543974
99,1.1369510164783783
23,0.0
173,1.559773545749207
51,0.7471720943315961
75,0.6622820409839835
194,1.8313625403665281
189,1.5144324133309421
51,0.7471720943315961
74,0.6689717585696803
77,0.6556592205741436
99,1.1437765624284826
51,0.7471720943315961
222,2.05765089796629
44,0.7249803359578534
123,1.0737037312480042
194,1.8313625403665281
169,1.3369098865721787
102,1.2420107539318035
125,1.069656411521221
77,0.6556592205741436
162,1.3900923589049654
171,1.3301525960815757
23,0.0
23,0.0
23,0.0
344,2.2948849334019292
121,1.102398757002966
72,0.6757290490602831
77,0.6622820409839835
23,0.0
201,2.2853865720783735
154,1.5309256203876953
54,0.7323033696543974
55,0.7323033696543974
44,0.7249803359578534
194,1.8313625403665281
217,1.6462327199554745
105,1.2246917436624432
127,1.0656495649917055
77,0.6556592205741436
194,1.9474156688545785
51,0.7471720943315961
71,0.6757290490602831
74,0.6622820409839835
75,0.6622820409839835
195,1.8308078701678074
188,1.5187746677738525
23,0.0
75,0.6622820409839835
77,0.6556592205741436
248,2.055654684015292
171,1.3301525960815757
77,0.6556592205741436
21,0.0
21,0.0
344,2.2948849334019292
51,0.7471720943315961
164,1.7692210241745108
134,1.541042904524493
23,0.0
194,1.8313625403665281
212,1.653907982106167
51,0.7471720943315961
125,1.069656411521221
23,0.0
70,0.682554595010387
51,0.7471720943315961
23,0.0
23,0.0
23,0.0
183,1.56018224486245
217,1.6462327199554745
23,0.0
75,0.6622820409839835
74,0.6689717585696803
218,2.078729148182866
23,0.0
131,1.485047910177086
23,0.0
74,0.6622820409839835
190,1.5209578935740256
74,0.6689717585696803
77,0.6556592205741436
53,0.7397003733882802
53,0.7397003733882802
194,1.8313625403665281
72,0.6757290490602831
23,0.0
121,1.0777919329922294
51,0.7471720943315961
276,2.495982165312983
149,1.5430835036231376
54,0.7323033696543974
23,0.0
23,0.0
220,1.9553762649340487
72,0.6757290490602831
170,1.3342820927929144
23,0.0
77,0.6556592205741436
344,2.2948849334019292
49,0.7547192872036325
23,0.0
23,0.0
23,0.0
23,0.0
193,1.9474156688545785
69,0.6894490858690777
121,1.0913747694329363
153,1.5334489547350092
298,2.1246725875149983
72,0.6757290490602831
191,1.5082719212691786
75,0.6689717585696803
77,0.6556592205741436
201,2.2853865720783735
149,1.5430835036231376
54,0.7323033696543974
55,0.7323033696543974
44,0.7249803359578534
194,1.8313625403665281
191,1.5058777378529642
174,1.3226572320271592
77,0.6556592205741436
23,0.0
344,2.2948849334019292
71,0.6757290490602831
74,0.6622820409839835
75,0.6622820409839835
55,0.6491026283684022
99,1.1369510164783783
191,1.4975306161827207
75,0.6622820409839835
77,0.6556592205741436
78,0.6556592205741436
324,2.5496657648360053
53,0.7397003733882802
54,0.7323033696543974
51,0.7471720943315961
52,0.7471720943315961
99,1.1369510164783783
196,1.7235815154572949
104,1.1008995427938946
77,0.6556592205741436
78,0.6556592205741436
169,1.778593512273888
102,1.2420107539318035
84,1.275968598595465
133,1.4554954567645617
23,0.0
194,1.8313625403665281
72,0.6757290490602831
23,0.0
217,1.636951822833979
77,0.6556592205741436
220,2.078729148182866
23,0.0
71,0.6757290490602831
72,0.682554595010387
102,1.2420107539318035
295,2.2509767449168576
122,1.0886787201941712
102,1.2420107539318035
84,1.275968598595465
166,1.3916684813211724
194,1.8313625403665281
212,1.653907982106167
125,1.069656411521221
77,0.6556592205741436
78,0.6556592205741436
100,1.1323387968041978
152,1.533919424300819
54,0.7323033696543974
55,0.7323033696543974
44,0.7249803359578534
324,2.5496657648360053
102,1.234539032988487
54,0.7323033696543974
71,0.682554595010387
21,0.0
194,1.8313625403665281
241,1.7514976218038345
125,1.069656411521221
23,0.0
77,0.6556592205741436
194,1.8313625403665281
191,1.5058777378529642
23,0.0
174,1.3226572320271592
77,0.6556592205741436
102,1.2420107539318035
23,0.0
71,0.6757290490602831
52,0.7397003733882802
23,0.0
194,1.8313625403665281
212,1.653907982106167
125,1.069656411521221
23,0.0
23,0.0
225,2.4074261791227385
154,1.5309256203876953
54,0.7323033696543974
21,0.0
23,0.0
23,0.0
23,0.0
208,1.6830200381390057
101,1.1277726993267583
74,0.6622820409839835
194,1.8313625403665281
212,1.653907982106167
125,1.069656411521221
77,0.6556592205741436
78,0.6556592205741436
226,2.4049659613434247
119,1.6463439790183916
117,1.1150392092577324
23,0.0
70,0.6894490858690777
185,1.5378231319232225
101,1.1277726993267583
121,1.0711022154065328
77,0.6556592205741436
78,0.6491026283684022
248,2.055654684015292
170,1.331758486162021
74,0.6622820409839835
77,0.6556592205741436
78,0.6491026283684022
344,2.2948849334019292
102,1.2420107539318035
156,1.8845539527358102
71,0.6757290490602831
168,1.7355886410662258
194,1.8313625403665281
23,0.0
122,1.0845492234828324
121,1.0777919329922294
77,0.6556592205741436
344,2.2948849334019292
121,1.0928499289935034
102,1.2420107539318035
75,0.6622820409839835
84,1.275968598595465
298,2.1246725875149983
103,1.1232522628240942
121,1.0777919329922294
75,0.6622820409839835
77,0.6556592205741436
102,1.2420107539318035
53,0.7397003733882802
54,0.7323033696543974
55,0.7323033696543974
44,0.7249803359578534
99,1.150671053287173
171,1.591443266757685
23,0.0
23,0.0
123,1.0777919329922294
295,2.2509767449168576
71,0.6757290490602831
102,1.2420107539318035
74,0.6622820409839835
156,1.8820555821712261
324,2.5496657648360053
53,0.7397003733882802
54,0.7323033696543974
55,0.7323033696543974
44,0.7249803359578534
248,2.055654684015292
170,1.331758486162021
121,1.0711022154065328
123,1.056343873525684
126,1.0378865464426295
194,1.8313625403665281
23,0.0
212,1.653907982106167
125,1.069656411521221
77,0.6556592205741436
194,1.8313625403665281
212,1.653907982106167
51,0.7471720943315961
23,0.0
125,1.069656411521221
344,2.2948849334019292
102,1.2420107539318035
84,1.275968598595465
167,1.7407492157874762
23,0.0
194,1.8313625403665281
212,1.653907982106167
51,0.7471720943315961
125,1.069656411521221
53,0.7397003733882802
324,2.5496657648360053
53,0.7397003733882802
54,0.7323033696543974
21,0.0
23,0.0
245,2.1798461928914423
152,1.5444151896008245
23,0.0
23,0.0
23,0.0
100,1.1323387968041978
23,0.0
67,0.7034476949995692
53,0.7397003733882802
54,0.7323033696543974
23,0.0
170,1.6603699348191103
21,0.0
68,0.6964132180495735
170,1.7398218825604836
194,1.8313625403665281
217,1.6462327199554745
134,1.5491372735258688
123,1.0737037312480042
77,0.6556592205741436
324,2.5496657648360053
21,0.0
68,0.6964132180495735
53,0.7397003733882802
172,1.3650861260982097
344,2.2948849334019292
102,1.2420107539318035
84,1.275968598595465
167,1.7407492157874762
23,0.0
184,1.567076735721141
51,0.7471720943315961
53,0.7397003733882802
54,0.7323033696543974
55,0.7323033696543974
169,1.778593512273888
122,1.0886787201941712
102,1.2420107539318035
84,1.275968598595465
71,0.682554595010387
170,1.6603699348191103
84,1.275968598595465
193,1.4973805490775993
75,0.6622820409839835
77,0.6556592205741436
171,1.3301525960815757
170,1.361479726498607
101,1.1277726993267583
75,0.6689717585696803
23,0.0
102,1.2420107539318035
53,0.7397003733882802
52,0.7397003733882802
54,0.7323033696543974
55,0.7323033696543974
295,2.2509767449168576
23,0.0
102,1.2420107539318035
122,1.0886787201941712
71,0.682554595010387
152,1.453075488956195
101,1.1277726993267583
150,1.3567126894378152
123,1.0737037312480042
75,0.6689717585696803
324,2.5496657648360053
102,1.234539032988487
54,0.7323033696543974
51,0.7471720943315961
86,1.278077637286709
117,1.1081447183990414
151,1.351281084014446
51,0.7471720943315961
53,0.7397003733882802
126,1.0444431386483706
344,2.2948849334019292
21,0.0
21,0.0
21,0.0
149,1.5505552245664542
102,1.2420107539318035
103,1.2295906463924855
54,0.7323033696543974
55,0.7323033696543974
44,0.7249803359578534
344,2.2948849334019292
102,1.2420107539318035
83,1.2813854493551335
167,1.7407492157874762
23,0.0
190,1.537227027989783
23,0.0
172,1.5741897582646203
85,1.2706059163433931
75,0.6622820409839835
295,2.2509767449168576
71,0.6757290490602831
23,0.0
72,0.682554595010387
71,0.682554595010387
220,2.078729148182866
23,0.0
122,1.0886787201941712
102,1.2420107539318035
23,0.0
169,1.778593512273888
23,0.0
69,0.6894490858690777
72,0.682554595010387
71,0.682554595010387
248,2.055654684015292
103,1.1232522628240942
171,1.3343862799412847
23,0.0
124,1.0777919329922294
218,2.078729148182866
23,0.0
23,0.0
122,1.0886787201941712
75,0.6622820409839835
194,1.8313625403665281
212,1.653907982106167
125,1.069656411521221
77,0.6556592205741436
23,0.0
69,0.6894490858690777
70,0.682554595010387
101,1.1277726993267583
152,1.4226326541364251
124,1.0777919329922294
194,1.8313625403665281
190,1.4991204473623618
108,1.092171054507877
77,0.6556592205741436
78,0.6556592205741436
344,2.2948849334019292
121,1.102398757002966
75,0.6622820409839835
49,0.7547192872036325
23,0.0
245,2.1798461928914423
102,1.2420107539318035
23,0.0
52,0.7397003733882802
23,0.0
220,1.9553762649340487
101,1.1277726993267583
193,1.5040084163535221
70,0.6894490858690777
75,0.6689717585696803
194,1.8313625403665281
51,0.7471720943315961
151,1.3580383745050482
192,1.495658049775683
77,0.6556592205741436
23,0.0
194,1.8313625403665281
169,1.3369098865721787
51,0.7471720943315961
23,0.0
133,1.4633718851252113
134,1.6476054679803418
53,0.7397003733882802
104,1.2172947399285607
23,0.0
344,2.2948849334019292
102,1.2420107539318035
124,1.080461021738607
52,0.7397003733882802
132,1.552414501100247
194,1.8313625403665281
169,1.3369098865721787
117,1.6776410883726762
173,1.3210424171418718
53,0.7397003733882802
149,1.44549548711303
84,1.2888571702984495
153,1.5369434686575092
105,1.2124448262258187
23,0.0
194,1.8313625403665281
72,0.6757290490602831
21,0.0
23,0.0
149,1.3787175635286666
181,1.929213565518335
119,1.0860926385029004
21,0.0
105,1.1187770306864557
74,0.6622820409839835
51,0.7471720943315961
21,0.0
69,0.6894490858690777
21,0.0
23,0.0
51,0.7471720943315961
21,0.0
132,1.660361077995586
21,0.0
183,1.5759416614772224
190,1.537227027989783
23,0.0
171,1.3343862799412847
75,0.6689717585696803
123,1.0777919329922294
248,2.055654684015292
150,1.3581730974027764
170,1.3168510701207599
23,0.0
77,0.6556592205741436
197,1.9288688346925036
153,1.5334489547350092
69,0.6894490858690777
23,0.0
23,0.0
439,2.339162893545261
23,0.0
71,0.6757290490602831
74,0.6622820409839835
23,0.0
190,1.5142006030834227
137,1.6404663768564722
122,1.0777919329922294
23,0.0
75,0.6622820409839835
344,2.2948849334019292
121,1.102398757002966
75,0.6622820409839835
77,0.6622820409839835
53,0.6556592205741436
23,0.0
120,1.1107833080238458
72,0.6757290490602831
77,0.6556592205741436
101,1.247009124230795
194,1.8313625403665281
72,0.6757290490602831
217,1.6338585945001458
125,1.0629666939355242
51,0.7471720943315961
23,0.0
21,0.0
23,0.0
23,0.0
23,0.0
344,2.2948849334019292
102,1.2420107539318035
120,1.1107833080238458
52,0.7397003733882802
75,0.6622820409839835
71,0.6757290490602831
23,0.0
23,0.0
23,0.0
23,0.0
98,1.1553298610388714
100,1.1391643427543012
72,0.6757290490602831
75,0.6689717585696803
23,0.0
69,0.6894490858690777
72,0.682554595010387
71,0.682554595010387
72,0.6757290490602831
21,0.0
100,1.252057983118666
23,0.0
21,0.0
171,1.6642435627703154
171,1.3301525960815757
51,0.7471720943315961
23,0.0
99,1.150671053287173
23,0.0
23,0.0
135,1.6332384519917822
52,0.7397003733882802
23,0.0
23,0.0
53,0.7397003733882802
84,1.2888571702984495
23,0.0
67,0.7034476949995692
149,1.5430835036231376
54,0.7323033696543974
118,1.097063271215051
23,0.0
74,0.6622820409839835
72,0.6757290490602831
23,0.0
344,2.2948849334019292
102,1.2420107539318035
84,1.275968598595465
23,0.0
23,0.0
324,2.5496657648360053
53,0.7397003733882802
54,0.7323033696543974
55,0.7323033696543974
44,0.7249803359578534
190,1.5142006030834227
51,0.7471720943315961
53,0.7397003733882802
192,1.495658049775683
75,0.6622820409839835
221,1.9565498684964182
122,1.0819214297035684
21,0.0
68,0.6964132180495735
52,0.7397003733882802
245,2.1798461928914423
102,1.2420107539318035
122,1.0886787201941712
75,0.6622820409839835
52,0.7397003733882802
324,2.5496657648360053
72,0.682554595010387
53,0.7397003733882802
54,0.7323033696543974
55,0.7323033696543974
120,1.0928499289935034
217,1.6338585945001458
104,1.1008995427938946
77,0.6556592205741436
78,0.6556592205741436
194,1.8313625403665281
51,0.7471720943315961
134,1.6347168962773573
122,1.0845492234828324
55,0.7323033696543974
242,2.176520828908459
102,1.2420107539318035
122,1.0886787201941712
71,0.682554595010387
21,0.0
99,1.150671053287173
149,1.3787175635286666
21,0.0
83,1.2888571702984495
75,0.6689717585696803
248,2.055654684015292
103,1.1232522628240942
72,0.6689717585696803
190,1.492598371611937
23,0.0
213,1.6810526681002353
121,1.0777919329922294
75,0.6622820409839835
77,0.6556592205741436
52,0.7471720943315961
248,2.055654684015292
103,1.1232522628240942
171,1.3343862799412847
23,0.0
124,1.0777919329922294
194,1.8313625403665281
217,1.6462327199554745
125,1.069656411521221
77,0.6556592205741436
78,0.6556592205741436
344,2.2948849334019292
122,1.0886787201941712
102,1.2420107539318035
84,1.275968598595465
75,0.6622820409839835
169,1.6625403837858364
51,0.7471720943315961
23,0.0
21,0.0
21,0.0
190,1.5142006030834227
152,1.5444151896008245
53,0.7397003733882802
55,0.7323033696543974
23,0.0
194,1.8313625403665281
191,1.5058777378529642
21,0.0
52,0.7471720943315961
21,0.0
51,0.7471720943315961
21,0.0
23,0.0
68,0.6964132180495735
152,1.533919424300819
102,1.2420107539318035
23,0.0
52,0.7397003733882802
23,0.0
23,0.0
194,1.8291920913997992
151,1.351281084014446
23,0.0
21,0.0
21,0.0
248,2.055654684015292
170,1.331758486162021
21,0.0
23,0.0
21,0.0
84,1.2888571702984495
117,1.1150392092577324
154,1.3485461925042244
76,0.6556592205741436
102,1.1460588336129927
170,1.7632809277954726
21,0.0
23,0.0
96,1.1787877370052764
23,0.0
220,2.078729148182866
102,1.2420107539318035
71,0.6757290490602831
52,0.7397003733882802
23,0.0
152,1.453075488956195
239,1.7530575829258994
101,1.1277726993267583
21,0.0
21,0.0
151,1.9241438357498102
53,0.7397003733882802
54,0.7323033696543974
55,0.7323033696543974
44,0.7249803359578534
194,1.8313625403665281
241,1.7514976218038345
23,0.0
125,1.069656411521221
23,0.0
122,1.0845492234828324
102,1.2420107539318035
23,0.0
23,0.0
23,0.0
99,1.150671053287173
171,1.591443266757685
72,0.6757290490602831
23,0.0
75,0.6689717585696803
221,1.9565498684964182
103,1.1232522628240942
170,1.331758486162021
21,0.0
23,0.0
120,1.0886787201941712
116,1.1193380993929711
74,0.6622820409839835
72,0.6757290490602831
171,1.3343862799412847
198,1.8237378407019618
101,1.1277726993267583
73,0.6757290490602831
124,1.0777919329922294
74,0.6622820409839835
102,1.2420107539318035
103,1.2295906463924855
54,0.7323033696543974
55,0.7323033696543974
44,0.7249803359578534
295,2.2509767449168576
102,1.2420107539318035
164,1.771391473141238
53,0.7397003733882802
84,1.275968598595465
196,1.8291365308176584
23,0.0
21,0.0
71,0.6894490858690777
49,0.7547192872036325
194,1.8313625403665281
212,1.653907982106167
82,1.294328736722357
125,1.069656411521221
118,1.1177474402043417
51,0.7471720943315961
21,0.0
53,0.7397003733882802
21,0.0
21,0.0
103,1.2370623673358012
119,1.0860926385029004
74,0.6622820409839835
168,1.3725238160216813
23,0.0
196,1.8291365308176584
72,0.6757290490602831
172,1.633231100333154
75,0.6689717585696803
23,0.0
295,2.2509767449168576
102,1.2420107539318035
71,0.6757290490602831
50,0.7547192872036325
164,1.7660729324427011
194,1.8313625403665281
212,1.653907982106167
51,0.7471720943315961
23,0.0
53,0.7397003733882802
324,2.5496657648360053
102,1.234539032988487
54,0.7323033696543974
23,0.0
23,0.0
344,2.2948849334019292
122,1.0886787201941712
75,0.6622820409839835
130,1.5763876108217165
23,0.0
169,1.778593512273888
102,1.2420107539318035
52,0.7397003733882802
172,1.7428764728197659
23,0.0
245,2.1798461928914423
130,1.5763876108217165
23,0.0
23,0.0
23,0.0
201,2.2853865720783735
154,1.5309256203876953
54,0.7323033696543974
51,0.7471720943315961
50,0.7547192872036325
23,0.0
170,1.6603699348191103
84,1.275968598595465
102,1.234539032988487
123,1.0845492234828324
194,1.8313625403665281
118,1.1220033414382282
21,0.0
71,0.6894490858690777
51,0.7471720943315961
82,1.294328736722357
53,0.7397003733882802
149,1.4408832674388492
54,0.7323033696543974
55,0.7323033696543974
248,2.055654684015292
122,1.0819214297035684
103,1.1232522628240942
173,1.3209392718649853
53,0.7397003733882802
190,1.5414403702113297
199,1.7465894943885838
123,1.0777919329922294
77,0.6556592205741436
105,1.1187770306864557
194,1.8313625403665281
51,0.7471720943315961
212,1.653907982106167
53,0.7397003733882802
53,0.7397003733882802
201,2.2853865720783735
53,0.7397003733882802
54,0.7323033696543974
23,0.0
23,0.0
324,2.5496657648360053
102,1.234539032988487
54,0.7323033696543974
55,0.7323033696543974
44,0.7249803359578534
221,1.9565498684964182
103,1.1232522628240942
73,0.6757290490602831
171,1.3301525960815757
21,0.0
51,0.7471720943315961
50,0.7547192872036325
102,1.2420107539318035
71,0.6757290490602831
23,0.0
194,1.8313625403665281
51,0.7471720943315961
212,1.653907982106167
137,1.6275778051534875
55,0.7323033696543974
245,2.1798461928914423
102,1.2420107539318035
164,1.771391473141238
23,0.0
53,0.7397003733882802
190,1.537227027989783
171,1.3343862799412847
52,0.7397003733882802
124,1.0777919329922294
125,1.0656495649917055
171,1.6636739351529224
103,1.1232522628240942
171,1.3343862799412847
51,0.7471720943315961
75,0.6689717585696803
248,2.055654684015292
170,1.331758486162021
99,1.264705033453198
71,0.6894490858690777
72,0.6757290490602831
71,0.6757290490602831
23,0.0
212,1.653907982106167
51,0.7471720943315961
105,1.2246917436624432
23,0.0
194,1.8313625403665281
23,0.0
217,1.6462327199554745
104,1.0942767223840544
275,2.495982165312983
155,1.5309256203876953
54,0.7323033696543974
55,0.7323033696543974
44,0.7249803359578534
344,2.2948849334019292
102,1.2420107539318035
122,1.0886787201941712
164,1.7692210241745108
107,1.2198418299597018
23,0.0
49,0.7547192872036325
102,1.2420107539318035
71,0.6757290490602831
23,0.0
214,1.6576578985306225
194,1.495658049775683
78,0.6556592205741436
70,1.2017861055307872
84,1.275968598595465
248,2.055654684015292
173,1.5645806345201898
134,1.447697792687519
74,0.6622820409839835
77,0.6556592205741436
275,2.495982165312983
53,0.7397003733882802
54,0.7323033696543974
55,0.7323033696543974
44,0.7249803359578534
186,1.535975086283738
121,1.0711022154065328
156,1.4211954208519737
73,0.6757290490602831
75,0.6689717585696803
176,2.1264438628785873
53,0.7397003733882802
54,0.7323033696543974
23,0.0
23,0.0
172,1.7743175107645361
71,0.6757290490602831
71,0.682554595010387
102,1.2420107539318035
193,1.9458337760264042
220,2.078729148182866
102,1.2420107539318035
164,1.771391473141238
23,0.0
23,0.0
194,1.8313625403665281
212,1.653907982106167
51,0.7471720943315961
116,1.664752516669692
74,0.6689717585696803
194,1.8313625403665281
157,1.8828830229010525
191,1.4975306161827207
21,0.0
75,0.6622820409839835
190,1.5142006030834227
187,2.063415374749668
74,0.6689717585696803
75,0.6622820409839835
77,0.6556592205741436
190,1.5414403702113297
70,0.682554595010387
121,1.0819214297035684
191,1.4908408985970238
77,0.6556592205741436
170,1.361479726498607
171,1.3343862799412847
75,0.6689717585696803
123,1.0777919329922294
77,0.6556592205741436
190,1.5142006030834227
74,0.6689717585696803
136,1.4078796111850982
51,0.7471720943315961
77,0.6556592205741436
298,2.1246725875149983
52,0.7397003733882802
23,0.0
72,0.6757290490602831
173,1.327799707632475
324,2.5496657648360053
102,1.234539032988487
54,0.7323033696543974
55,0.7323033696543974
44,0.7249803359578534
150,1.5637190645678083
102,1.2420107539318035
167,1.7735838458349034
53,0.7397003733882802
69,0.6894490858690777
152,1.453075488956195
193,1.5091598167636802
122,1.0670140136623072
77,0.6556592205741436
42,0.7323033696543974
169,1.778593512273888
149,1.5505552245664542
84,1.275968598595465
84,1.275968598595465
23,0.0
324,2.5496657648360053
53,0.7397003733882802
54,0.7323033696543974
51,0.7471720943315961
55,0.7323033696543974
225,2.4077793158733725
23,0.0
23,0.0
23,0.0
23,0.0
190,1.5142006030834227
153,1.3485461925042244
175,1.5314415947839175
51,0.7471720943315961
77,0.6556592205741436
324,2.5496657648360053
53,0.7397003733882802
54,0.7323033696543974
55,0.7323033696543974
44,0.7249803359578534
196,1.8291365308176584
103,1.1232522628240942
190,1.5083761084175495
72,0.6757290490602831
21,0.0
120,1.1065699658022983
189,1.529558664791717
123,1.0777919329922294
23,0.0
77,0.6556592205741436
99,1.150671053287173
171,1.591443266757685
52,0.7471720943315961
51,0.7471720943315961
21,0.0
295,2.2509767449168576
122,1.0886787201941712
102,1.2420107539318035
164,1.7692210241745108
53,0.7397003733882802
245,2.1798461928914423
149,1.5505552245664542
23,0.0
71,0.6757290490602831
23,0.0
194,1.8313625403665281
21,0.0
217,1.6462327199554745
124,1.052337026996169
77,0.6556592205741436
122,1.0845492234828324
71,0.682554595010387
23,0.0
102,1.2420107539318035
23,0.0
150,1.4377978227325021
53,0.7397003733882802
54,0.7323033696543974
55,0.7323033696543974
115,1.130644544841385
170,1.6603699348191103
84,1.275968598595465
102,1.234539032988487
171,1.3318879093767009
124,1.069656411521221
23,0.0
102,1.2420107539318035
23,0.0
122,1.0886787201941712
23,0.0
71,0.6757290490602831
74,0.6622820409839835
102,1.2420107539318035
75,0.6622820409839835
23,0.0
344,2.2948849334019292
149,1.5505552245664542
23,0.0
83,1.2813854493551335
122,1.0886787201941712
324,2.5496657648360053
102,1.234539032988487
54,0.7323033696543974
55,0.7323033696543974
44,0.7249803359578534
248,2.055654684015292
103,1.1232522628240942
190,1.507505787653196
75,0.6689717585696803
74,0.6622820409839835
23,0.0
170,1.6603699348191103
84,1.275968598595465
122,1.0777919329922294
153,1.5369434686575092
190,1.5142006030834227
153,1.3485461925042244
75,0.6622820409839835
77,0.6556592205741436
23,0.0
196,1.8291365308176584
103,1.1232522628240942
121,1.0845492234828324
75,0.6689717585696803
23,0.0
324,2.5496657648360053
53,0.7397003733882802
54,0.7323033696543974
55,0.7323033696543974
44,0.7249803359578534
344,2.2948849334019292
149,1.5505552245664542
122,1.0886787201941712
23,0.0
104,1.234539032988487
69,0.6894490858690777
194,1.758577201772569
103,1.1232522628240942
75,0.6689717585696803
23,0.0
344,2.2948849334019292
71,0.6757290490602831
149,1.5505552245664542
104,1.234539032988487
23,0.0
248,2.055654684015292
23,0.0
122,1.0819214297035684
171,1.3184409013004008
77,0.6556592205741436
151,1.5474697798601076
53,0.7397003733882802
106,1.2124448262258187
55,0.7323033696543974
44,0.7249803359578534
248,2.055654684015292
122,1.0819214297035684
103,1.1232522628240942
75,0.6689717585696803
74,0.6622820409839835
248,2.055654684015292
191,1.5057483146382853
122,1.0670140136623072
77,0.6556592205741436
78,0.6491026283684022
216,1.6328636210897545
124,1.058959847406009
53,0.7397003733882802
77,0.6556592205741436
55,0.7323033696543974
226,2.4049659613434247
53,0.7397003733882802
54,0.7323033696543974
23,0.0
23,0.0
100,1.252057983118666
188,1.5433702561609572
73,0.6757290490602831
75,0.6689717585696803
123,1.0777919329922294
23,0.0
99,1.1369510164783783
170,1.7632809277954726
172,1.3318879093767009
124,1.069656411521221
173,1.6615679506909553
101,1.1277726993267583
173,1.5666655591375382
21,0.0
74,0.6622820409839835
102,1.2420107539318035
68,0.6964132180495735
53,0.7397003733882802
54,0.7323033696543974
55,0.7323033696543974
193,1.9474156688545785
153,1.5334489547350092
71,0.6757290490602831
23,0.0
23,0.0
190,1.537227027989783
171,1.3343862799412847
75,0.6689717585696803
76,0.6689717585696803
124,1.069656411521221
194,1.8313625403665281
217,1.6462327199554745
74,0.6689717585696803
53,0.7397003733882802
77,0.6556592205741436
344,2.2948849334019292
51,0.7471720943315961
134,1.6347168962773573
177,1.3286711997783058
75,0.6622820409839835
130,1.4747054173772796
23,0.0
74,0.6622820409839835
102,1.2420107539318035
75,0.6622820409839835
344,2.2948849334019292
149,1.5505552245664542
71,0.6757290490602831
50,0.7547192872036325
52,0.7397003733882802
194,1.8313625403665281
72,0.6757290490602831
74,0.6689717585696803
217,1.6286975101349497
53,0.7397003733882802
194,1.8313625403665281
141,1.965224697739541
171,1.3251306188860983
75,0.6622820409839835
53,0.7397003733882802
226,2.4049659613434247
23,0.0
102,1.234539032988487
54,0.7323033696543974
55,0.7323033696543974
194,1.8313625403665281
212,1.653907982106167
159,1.7982559214847258
52,0.7471720943315961
53,0.7397003733882802
275,2.495982165312983
53,0.7397003733882802
54,0.7323033696543974
55,0.7323033696543974
44,0.7249803359578534
193,1.8330678146754247
192,1.4824067435868233
125,1.069656411521221
77,0.6556592205741436
78,0.6556592205741436
226,2.4049659613434247
52,0.7397003733882802
53,0.7397003733882802
54,0.7323033696543974
55,0.7323033696543974
151,1.9241438357498102
53,0.7397003733882802
54,0.7323033696543974
55,0.7323033696543974
44,0.7249803359578534
194,1.8291920913997992
50,0.7547192872036325
23,0.0
53,0.7397003733882802
190,1.4991204473623618
193,1.8291920913997992
151,1.351281084014446
23,0.0
53,0.7397003733882802
172,1.314352699556175
196,1.8291365308176584
191,1.5057483146382853
121,1.0711022154065328
77,0.6556592205741436
72,0.6757290490602831
226,2.4049659613434247
23,0.0
154,1.5309256203876953
54,0.7323033696543974
156,1.5058675477510346
166,1.6915908214586846
171,1.3251306188860983
75,0.6622820409839835
77,0.6556592205741436
78,0.6491026283684022
122,1.0845492234828324
149,1.5505552245664542
23,0.0
75,0.6622820409839835
23,0.0
295,2.2509767449168576
50,0.7547192872036325
169,1.7676001212392618
71,0.6757290490602831
74,0.6622820409839835
151,1.9241438357498102
102,1.234539032988487
54,0.7323033696543974
55,0.7323033696543974
44,0.7249803359578534
69,0.6894490858690777
119,1.0860926385029004
101,1.1277726993267583
74,0.6622820409839835
77,0.6556592205741436
324,2.5496657648360053
53,0.7397003733882802
54,0.7323033696543974
55,0.7323033696543974
44,0.7249803359578534
344,2.2948849334019292
122,1.0886787201941712
51,0.7471720943315961
75,0.6622820409839835
134,1.6347168962773573
151,1.5474697798601076
105,1.2246917436624432
54,0.7323033696543974
55,0.7323033696543974
58,1.3422704769001415
344,2.2948849334019292
23,0.0
149,1.5505552245664542
52,0.7397003733882802
70,0.6894490858690777
214,1.6576578985306225
122,1.0777919329922294
53,0.7397003733882802
78,0.6491026283684022
78,0.6556592205741436
275,2.495982165312983
53,0.7397003733882802
54,0.7323033696543974
55,0.7323033696543974
44,0.7249803359578534
162,1.3900923589049654
190,1.5142006030834227
173,1.3318879093767009
78,0.6491026283684022
52,0.7471720943315961
99,1.1369510164783783
141,1.965224697739541
172,1.7475419148542368
55,0.7323033696543974
219,1.6325187977515663
190,1.5142006030834227
84,1.2888571702984495
192,1.495658049775683
125,1.058959847406009
77,0.6556592205741436
208,1.6830200381390057
74,0.6622820409839835
77,0.6556592205741436
78,0.6491026283684022
80,0.6426116020847181
71,0.6757290490602831
241,1.7514976218038345
53,0.7397003733882802
125,1.069656411521221
78,0.6491026283684022
99,1.1369510164783783
155,1.826224667280169
55,0.7323033696543974
122,1.0845492234828324
121,1.0777919329922294
169,1.3384533015922466
174,1.5576886211318595
77,0.6556592205741436
78,0.6556592205741436
23,0.0
248,2.055654684015292
150,1.3581730974027764
157,1.413740757134058
75,0.6689717585696803
77,0.6556592205741436
194,1.8313625403665281
217,1.6462327199554745
125,1.069656411521221
77,0.6556592205741436
78,0.6556592205741436
178,2.04044730369583
23,0.0
23,0.0
23,0.0
23,0.0
99,1.1369510164783783
152,1.541391145244135
133,1.552414501100247
174,1.3226572320271592
126,1.058959847406009
152,1.453075488956195
176,1.621472447709463
191,1.5082719212691786
21,0.0
21,0.0
196,1.8291365308176584
191,1.5057483146382853
123,1.0670140136623072
194,1.4852283381766476
23,0.0
344,2.2948849334019292
171,1.7632809277954726
71,0.6757290490602831
23,0.0
84,1.275968598595465
102,1.2420107539318035
103,1.2295906463924855
54,0.7323033696543974
50,0.7547192872036325
23,0.0
214,1.6576578985306225
151,1.351281084014446
21,0.0
21,0.0
70,0.682554595010387
214,1.6576578985306225
176,1.5556245457606843
78,0.6556592205741436
23,0.0
23,0.0
295,2.2509767449168576
149,1.5505552245664542
23,0.0
70,0.682554595010387
122,1.0886787201941712
118,1.1081447183990414
23,0.0
80,1.3074027643660173
115,1.6815681986562545
190,1.4991204473623618
344,2.2948849334019292
149,1.5505552245664542
71,0.6757290490602831
104,1.234539032988487
53,0.7397003733882802
176,2.1264438628785873
53,0.7397003733882802
54,0.7323033696543974
23,0.0
23,0.0
218,2.078729148182866
149,1.5505552245664542
52,0.7397003733882802
23,0.0
122,1.0886787201941712
194,1.8313625403665281
212,1.653907982106167
125,1.069656411521221
77,0.6556592205741436
78,0.6556592205741436
169,1.3384533015922466
174,1.5576886211318595
77,0.6556592205741436
78,0.6556592205741436
70,1.2017861055307872
208,1.6830200381390057
74,0.6622820409839835
77,0.6556592205741436
78,0.6491026283684022
80,0.6426116020847181
324,2.5496657648360053
103,1.2495579468038396
102,1.234539032988487
54,0.7323033696543974
185,1.5719713371327557
191,1.5166564722900586
77,0.6556592205741436
78,0.6491026283684022
79,0.6491026283684022
23,0.0
324,2.5496657648360053
50,0.7547192872036325
154,1.5309256203876953
54,0.7323033696543974
55,0.7323033696543974
344,2.2948849334019292
149,1.5505552245664542
104,1.234539032988487
21,0.0
69,0.6894490858690777
214,1.6576578985306225
192,1.495658049775683
84,1.275968598595465
53,0.7397003733882802
77,0.6556592205741436
23,0.0
194,1.8291920913997992
151,1.351281084014446
23,0.0
23,0.0
198,1.8237378407019618
173,1.6356455523738516
173,1.3209392718649853
52,0.7471720943315961
78,0.6491026283684022
220,2.078729148182866
172,1.3335440192291006
23,0.0
171,1.7632809277954726
104,1.234539032988487
218,1.9755520063179755
23,0.0
21,0.0
70,0.6894490858690777
49,0.7547192872036325
194,1.8313625403665281
217,1.6462327199554745
125,1.069656411521221
77,0.6556592205741436
78,0.6556592205741436
248,2.055654684015292
150,1.3581730974027764
23,0.0
21,0.0
52,0.7471720943315961
51,0.7471720943315961
21,0.0
51,0.7471720943315961
21,0.0
23,0.0
82,1.294328736722357
50,0.7547192872036325
21,0.0
102,1.234539032988487
54,0.7323033696543974
71,0.6757290490602831
21,0.0
51,0.7471720943315961
21,0.0
53,0.7397003733882802
82,1.294328736722357
100,1.1323387968041978
53,0.7397003733882802
23,0.0
23,0.0
98,1.1553298610388714
23,0.0
102,1.2420107539318035
23,0.0
23,0.0
99,1.150671053287173
149,1.3787175635286666
149,1.5712662574398444
123,1.0737037312480042
75,0.6622820409839835
344,2.2948849334019292
149,1.5505552245664542
133,1.64375746721563
50,0.7547192872036325
74,0.6622820409839835
344,2.2948849334019292
21,0.0
188,1.5475835983825055
50,0.7547192872036325
71,0.6757290490602831
119,1.1107833080238458
119,1.0860926385029004
173,1.3209392718649853
78,0.6491026283684022
80,0.6426116020847181
119,1.1107833080238458
119,1.0860926385029004
173,1.3209392718649853
78,0.6491026283684022
80,0.6426116020847181
324,2.5496657648360053
102,1.234539032988487
54,0.7323033696543974
172,1.374364004527574
55,0.7323033696543974
194,1.8313625403665281
217,1.6462327199554745
100,1.264705033453198
104,1.0942767223840544
77,0.6556592205741436
344,2.2948849334019292
149,1.5505552245664542
23,0.0
104,1.234539032988487
50,0.7547192872036325
196,1.8291365308176584
23,0.0
23,0.0
171,1.3301525960815757
155,1.4166749843493103
99,1.150671053287173
23,0.0
149,1.3787175635286666
134,1.447697792687519
75,0.6689717585696803
324,2.5496657648360053
53,0.7397003733882802
54,0.7323033696543974
55,0.7323033696543974
23,0.0
151,1.9241438357498102
53,0.7397003733882802
54,0.7323033696543974
55,0.7323033696543974
44,0.7249803359578534
196,1.8291365308176584
177,1.6169520112067979
49,0.7547192872036325
51,0.7471720943315961
74,0.6757290490602831
194,1.8313625403665281
215,1.6475997200050407
125,1.069656411521221
77,0.6556592205741436
78,0.6556592205741436
194,1.8313625403665281
217,1.6462327199554745
74,0.6689717585696803
23,0.0
77,0.6556592205741436
176,2.1264438628785873
53,0.7397003733882802
54,0.7323033696543974
23,0.0
23,0.0
23,0.0
246,2.063793064403391
124,1.0670140136623072
75,0.6556592205741436
78,0.6491026283684022
248,2.055654684015292
150,1.3581730974027764
73,0.6757290490602831
152,1.3445913664287485
77,0.6556592205741436
344,2.2948849334019292
171,1.7632809277954726
121,1.0928499289935034
52,0.7397003733882802
107,1.2198418299597018
344,2.2948849334019292
23,0.0
149,1.5505552245664542
122,1.0886787201941712
104,1.234539032988487
324,2.5496657648360053
154,1.5309256203876953
54,0.7323033696543974
23,0.0
23,0.0
194,1.8291920913997992
151,1.351281084014446
53,0.7397003733882802
169,1.319374676751653
78,0.6491026283684022
248,2.055654684015292
150,1.3581730974027764
52,0.7397003733882802
23,0.0
173,1.3209392718649853
176,2.1264438628785873
53,0.7397003733882802
54,0.7323033696543974
55,0.7323033696543974
44,0.7249803359578534
344,2.2948849334019292
149,1.5505552245664542
104,1.234539032988487
109,1.2102870149739302
50,0.7547192872036325
151,1.9241438357498102
154,1.5309256203876953
54,0.7323033696543974
55,0.7323033696543974
44,0.7249803359578534
243,2.0636757010296645
152,1.533919424300819
53,0.7397003733882802
55,0.7323033696543974
123,1.0737037312480042
149,1.44549548711303
191,1.4950322456181355
157,1.8828830229010525
177,1.2734197624156343
75,0.6622820409839835
248,2.055654684015292
103,1.1232522628240942
171,1.3301525960815757
77,0.6556592205741436
78,0.6491026283684022
225,2.4077793158733725
23,0.0
23,0.0
149,1.5430835036231376
118,1.1220033414382282
324,2.5496657648360053
50,0.7547192872036325
154,1.5309256203876953
54,0.7323033696543974
55,0.7323033696543974
192,1.4940682185960434
193,1.484880130445762
23,0.0
77,0.6556592205741436
23,0.0
99,1.150671053287173
23,0.0
189,1.529558664791717
123,1.0777919329922294
77,0.6556592205741436
151,1.9241438357498102
154,1.5309256203876953
54,0.7323033696543974
21,0.0
23,0.0
151,1.5474697798601076
53,0.7397003733882802
54,0.7323033696543974
55,0.7323033696543974
44,0.7249803359578534
248,2.055654684015292
156,1.4166749843493103
123,1.0777919329922294
77,0.6556592205741436
75,0.6689717585696803
324,2.5496657648360053
53,0.7397003733882802
54,0.7323033696543974
55,0.7323033696543974
164,1.3986912617582592
171,1.6636739351529224
156,1.6925630917224481
150,1.3581730974027764
50,0.7471720943315961
74,0.6622820409839835
147,1.3750137539976444
23,0.0
216,1.6302621052482826
77,0.6556592205741436
78,0.6491026283684022
344,2.2948849334019292
171,1.7632809277954726
52,0.7397003733882802
107,1.2198418299597018
23,0.0
98,1.1553298610388714
71,0.682554595010387
72,0.6757290490602831
102,1.1232522628240942
216,1.639475429464872
194,1.8313625403665281
157,1.8828830229010525
122,1.0777919329922294
75,0.6622820409839835
23,0.0
162,1.3900923589049654
171,1.3251306188860983
23,0.0
70,0.682554595010387
132,1.4588057876477722
214,1.6576578985306225
192,1.495658049775683
77,0.6556592205741436
78,0.6556592205741436
70,1.2017861055307872
324,2.5496657648360053
154,1.5309256203876953
172,1.3343862799412847
54,0.7323033696543974
55,0.7323033696543974
194,1.8313625403665281
23,0.0
157,1.8828830229010525
122,1.0777919329922294
75,0.6622820409839835
194,1.8313625403665281
217,1.6462327199554745
155,1.5210783310616511
127,1.0656495649917055
77,0.6556592205741436
99,1.150671053287173
23,0.0
171,1.591443266757685
123,1.0777919329922294
50,0.7471720943315961
344,2.2948849334019292
171,1.7632809277954726
84,1.275968598595465
121,1.0928499289935034
74,0.6622820409839835
248,2.055654684015292
23,0.0
155,1.4166749843493103
170,1.331758486162021
74,0.6622820409839835
151,1.5474697798601076
105,1.2246917436624432
54,0.7323033696543974
185,1.5763136504006745
55,0.7323033696543974
190,1.537227027989783
190,1.5083761084175495
23,0.0
123,1.0777919329922294
77,0.6556592205741436
248,2.055654684015292
156,1.6925630917224481
23,0.0
49,0.7547192872036325
122,1.0819214297035684
275,2.495982165312983
23,0.0
23,0.0
23,0.0
23,0.0
71,0.6757290490602831
23,0.0
116,1.1193380993929711
23,0.0
23,0.0
119,1.0860926385029004
23,0.0
23,0.0
23,0.0
23,0.0
23,0.0
23,0.0
23,0.0
102,1.1120197401958531
23,0.0
194,1.8313625403665281
216,1.6462327199554745
125,1.069656411521221
77,0.6556592205741436
78,0.6556592205741436
324,2.5496657648360053
53,0.7397003733882802
54,0.7323033696543974
55,0.7323033696543974
44,0.7249803359578534
217,1.9624352698592058
23,0.0
23,0.0
23,0.0
53,0.7397003733882802
194,1.8313625403665281
51,0.7471720943315961
23,0.0
171,1.7447207852905267
192,1.4890964611725201
324,2.5496657648360053
154,1.5309256203876953
54,0.7323033696543974
23,0.0
23,0.0
71,0.6757290490602831
241,1.7514976218038345
125,1.069656411521221
78,0.6491026283684022
78,0.6556592205741436
344,2.2948849334019292
71,0.6757290490602831
23,0.0
171,1.7632809277954726
52,0.7397003733882802
324,2.5496657648360053
154,1.5309256203876953
54,0.7323033696543974
51,0.7471720943315961
55,0.7323033696543974
23,0.0
248,2.055654684015292
155,1.4166749843493103
122,1.0819214297035684
173,1.3209392718649853
344,2.2948849334019292
171,1.7632809277954726
104,1.234539032988487
69,0.6894490858690777
23,0.0
295,2.2509767449168576
171,1.7632809277954726
52,0.7397003733882802
122,1.0886787201941712
75,0.6622820409839835
248,2.055654684015292
155,1.4166749843493103
122,1.0819214297035684
171,1.3184409013004008
77,0.6556592205741436
248,2.055654684015292
155,1.4166749843493103
122,1.0819214297035684
23,0.0
103,1.105330022610156
71,0.6757290490602831
173,1.5666655591375382
98,1.1553298610388714
74,0.6622820409839835
23,0.0
194,1.8313625403665281
23,0.0
23,0.0
23,0.0
23,0.0
156,1.8781037510267125
23,0.0
23,0.0
23,0.0
133,1.5655721213095009
121,1.0777919329922294
189,1.5167866847746938
191,1.4998789196421838
172,1.6706380673334187
76,0.6556592205741436
170,1.6603699348191103
23,0.0
190,1.4991204473623618
75,0.6622820409839835
77,0.6556592205741436
194,1.8313625403665281
157,1.8828830229010525
53,0.7397003733882802
122,1.0737037312480042
124,1.0737037312480042
344,2.2948849334019292
171,1.7632809277954726
174,1.7454359303922706
69,0.6894490858690777
23,0.0
151,1.9241438357498102
102,1.234539032988487
54,0.7323033696543974
55,0.7323033696543974
44,0.7249803359578534
71,0.6757290490602831
190,1.510899715048443
23,0.0
152,1.5289710377048162
124,1.069656411521221
248,2.055654684015292
155,1.4166749843493103
122,1.0819214297035684
173,1.3209392718649853
78,0.6491026283684022
51,0.7471720943315961
152,1.533919424300819
54,0.7323033696543974
55,0.7323033696543974
44,0.7249803359578534
194,1.8291920913997992
84,1.275968598595465
219,2.0408988705920095
172,1.3185690302829338
77,0.6556592205741436
23,0.0
198,1.8237378407019618
173,1.5666655591375382
122,1.0670140136623072
77,0.6556592205741436
170,1.6603699348191103
175,1.7274858681790655
126,1.058959847406009
23,0.0
75,0.6556592205741436
151,1.5474697798601076
105,1.2246917436624432
54,0.7323033696543974
55,0.7323033696543974
44,0.7249803359578534
324,2.5496657648360053
154,1.5309256203876953
54,0.7323033696543974
23,0.0
23,0.0
344,2.2948849334019292
23,0.0
171,1.7632809277954726
104,1.234539032988487
71,0.6757290490602831
344,2.2948849334019292
71,0.6757290490602831
74,0.6622820409839835
23,0.0
23,0.0
344,2.2948849334019292
171,1.7632809277954726
174,1.7454359303922706
69,0.6894490858690777
23,0.0
102,1.2420107539318035
103,1.2295906463924855
54,0.7323033696543974
23,0.0
23,0.0
194,1.8313625403665281
84,1.2888571702984495
23,0.0
191,1.510899715048443
74,0.6689717585696803
245,2.1798461928914423
71,0.6757290490602831
74,0.6622820409839835
75,0.6622820409839835
23,0.0
152,1.453075488956195
216,1.639475429464872
23,0.0
77,0.6556592205741436
78,0.6491026283684022
248,2.055654684015292
103,1.1232522628240942
72,0.6689717585696803
173,1.3209392718649853
78,0.6491026283684022
226,2.4049659613434247
53,0.7397003733882802
54,0.7323033696543974
23,0.0
23,0.0
248,2.055654684015292
155,1.4166749843493103
122,1.0819214297035684
173,1.3209392718649853
78,0.6491026283684022
51,0.7471720943315961
53,0.7397003733882802
54,0.7323033696543974
23,0.0
23,0.0
345,2.1677070030492187
103,1.1232522628240942
149,1.3635913120678897
104,1.1187770306864557
23,0.0
344,2.2948849334019292
23,0.0
171,1.7632809277954726
104,1.234539032988487
23,0.0
71,0.6757290490602831
171,1.7632809277954726
23,0.0
23,0.0
23,0.0
176,2.1264438628785873
100,1.1323387968041978
53,0.7397003733882802
187,1.5744840852175832
54,0.7323033696543974
344,2.2948849334019292
171,1.7632809277954726
104,1.234539032988487
23,0.0
23,0.0
324,2.5496657648360053
53,0.7397003733882802
54,0.7323033696543974
55,0.7323033696543974
44,0.7249803359578534
186,1.5341455211006476
173,1.3209392718649853
78,0.6491026283684022
80,0.6426116020847181
56,0.6426116020847181
225,2.4077793158733725
53,0.7397003733882802
54,0.7323033696543974
55,0.7323033696543974
44,0.7249803359578534
324,2.5496657648360053
154,1.5309256203876953
54,0.7323033696543974
51,0.7471720943315961
215,1.6976921426621912
324,2.5496657648360053
53,0.7397003733882802
54,0.7323033696543974
55,0.7323033696543974
44,0.7249803359578534
324,2.5496657648360053
154,1.5309256203876953
54,0.7323033696543974
55,0.7323033696543974
44,0.7249803359578534
324,2.5496657648360053
154,1.5309256203876953
54,0.7323033696543974
118,1.1220033414382282
55,0.7323033696543974
194,1.8313625403665281
167,2.1866764849784026
23,0.0
171,1.3251306188860983
123,1.0629666939355242
23,0.0
23,0.0
171,1.7632809277954726
23,0.0
23,0.0
194,1.8313625403665281
84,1.2888571702984495
23,0.0
216,1.6462327199554745
23,0.0
275,2.495982165312983
154,1.5309256203876953
54,0.7323033696543974
172,1.374364004527574
71,0.6894490858690777
221,1.9565498684964182
173,1.5645806345201898
23,0.0
103,1.1232522628240942
121,1.0711022154065328
194,1.8291920913997992
206,2.220662033483832
58,1.3422704769001415
143,1.3431581827399353
45,0.7177305325982748
248,2.055654684015292
175,1.6210184460955488
190,1.5100293942840899
77,0.6556592205741436
78,0.6491026283684022
215,1.6551139502615684
77,0.6556592205741436
78,0.6491026283684022
80,0.6426116020847181
23,0.0
324,2.5496657648360053
149,1.5430835036231376
54,0.7323033696543974
55,0.7323033696543974
71,0.6757290490602831
71,0.6757290490602831
175,1.5421117349205409
51,0.7471720943315961
173,1.7433510057749222
77,0.6556592205741436
118,1.0903059807244488
162,1.3900923589049654
171,1.3343862799412847
123,1.0670140136623072
78,0.6491026283684022
324,2.5496657648360053
53,0.7397003733882802
54,0.7323033696543974
55,0.7323033696543974
44,0.7249803359578534
